energy 117 130 140 150 163 173 180 190 200 210 220 230 240 260 280 300
7690 -0.00005 -0.00184 -0.00083 0.00408 -0.0021 -0.00332 0.00381 0.00316 0.00175 -0.00118 0.00051 0.00078 0.00224 -0.00109 -0.01787 -0.00013
7690.25 -0.00014 -0.00221 -0.00051 0.00478 -0.00262 -0.00303 0.00345 0.00323 0.00193 -0.00097 0.00091 0.00121 0.0019 -0.001 -0.01928 -0.00077
7690.5 -0.00024 -0.00257 -0.00018 0.00548 -0.00313 -0.00274 0.00309 0.0033 0.0021 -0.00075 0.00131 0.00164 0.00156 -0.0009 -0.0207 -0.00141
7690.75 -0.00034 -0.00294 0.00014 0.00617 -0.00365 -0.00245 0.00273 0.00337 0.00228 -0.00053 0.00171 0.00207 0.00122 -0.00081 -0.02211 -0.00204
7691 -0.00044 -0.00331 0.00047 0.00687 -0.00416 -0.00215 0.00238 0.00344 0.00246 -0.00032 0.00211 0.0025 0.00087 -0.00072 -0.02352 -0.00268
7691.25 -0.0006 -0.00363 0.0008 0.00757 -0.00467 -0.00186 0.00202 0.00351 0.00263 -0.0001 0.00251 0.00293 0.00053 -0.00062 -0.02493 -0.00332
7691.5 -0.00089 -0.0037 0.00026 0.007 -0.00454 -0.00202 0.0016 0.00332 0.00246 -0.0005 0.00238 0.00239 0.00027 -0.00035 -0.02558 -0.00396
7691.75 -0.00118 -0.00378 -0.00038 0.00629 -0.00429 -0.00247 0.00116 0.00305 0.00209 -0.00135 0.00176 0.00014 0.00012 0.00013 -0.02453 -0.00329
7692 -0.00147 -0.00385 -0.00101 0.00558 -0.00405 -0.00291 0.00071 0.00278 0.00172 -0.0022 0.00115 -0.00211 -0.00003 0.0006 -0.02347 -0.00256
7692.25 -0.00176 -0.00392 -0.00165 0.00487 -0.0038 -0.00336 0.00027 0.00251 0.00136 -0.00304 0.00054 -0.00436 -0.00019 0.00107 -0.02242 -0.00182
7692.5 -0.00206 -0.00399 -0.00229 0.00416 -0.00356 -0.00381 -0.00018 0.00224 0.00099 -0.00389 -0.00008 -0.00661 -0.00034 0.00155 -0.02136 -0.00109
7692.75 -0.00235 -0.00407 -0.00293 0.00345 -0.00332 -0.00425 -0.00062 0.00197 0.00063 -0.00474 -0.00069 -0.00886 -0.00049 0.00202 -0.02031 -0.00035
7693 -0.00264 -0.00414 -0.00357 0.00274 -0.00307 -0.0047 -0.00107 0.00171 0.00026 -0.00558 -0.0013 -0.01111 -0.00064 0.00249 -0.01926 0.00038
7693.25 -0.00273 -0.00377 -0.00416 0.00197 -0.00283 -0.00515 -0.00151 0.00144 -0.00011 -0.00643 -0.00192 -0.01336 -0.00079 0.00296 -0.0182 0.00111
7693.5 -0.00259 -0.0024 -0.00362 -0.00008 -0.00253 -0.00519 -0.00091 0.00132 -0.00029 -0.00601 -0.00126 -0.01309 -0.00064 0.00207 -0.01583 0.00204
7693.75 -0.00246 -0.00104 -0.00308 -0.00212 -0.00222 -0.00511 0.00002 0.00121 -0.00043 -0.00512 0.00002 -0.01037 -0.00025 0.00037 -0.01187 0.00471
7694 -0.00232 0.00033 -0.00254 -0.00417 -0.00192 -0.00503 0.00095 0.0011 -0.00057 -0.00423 0.0013 -0.00766 0.00014 -0.00134 -0.00792 0.00738
7694.25 -0.00264 0.00087 -0.00215 -0.00552 -0.00166 -0.00494 0.00189 0.00098 -0.00071 -0.00334 0.00258 -0.00495 0.00053 -0.00304 -0.00397 0.01005
7694.5 -0.00333 0.00005 -0.00288 -0.0016 -0.00184 -0.00325 0.00111 0.00068 -0.00042 -0.00027 0.00194 -0.0029 0.0012 -0.00504 -0.00017 0.01213
7694.75 -0.00305 -0.00042 -0.00305 -0.00011 -0.00134 -0.00163 0.00044 0.00044 -0.00011 0.00278 0.00072 -0.00134 0.00204 -0.00709 0.00348 0.01139
7695 -0.00258 -0.00075 -0.00245 -0.00183 0.00017 -0.00235 0.00226 0.00036 -0.00003 0.0016 0.00075 -0.00358 0.00408 -0.00428 -0.00159 0.01018
7695.25 -0.00191 -0.00171 -0.0021 -0.00164 -0.00085 -0.0012 0.002 -0.00043 -0.00052 0.0011 0.00106 -0.0052 0.00549 -0.00202 -0.00728 0.00846
7695.5 -0.00144 -0.00255 -0.00182 -0.00079 -0.00278 0.0021 -0.00061 -0.00163 -0.00157 0.00151 0.00181 -0.00286 0.00484 -0.00086 -0.00779 0.00857
7695.75 -0.00118 -0.00314 -0.00166 0.00026 -0.00127 -0.00002 -0.00111 -0.00138 -0.00058 0.00212 0.00339 -0.00019 0.00539 0.00081 -0.00995 0.00943
7696 -0.00101 -0.00293 -0.00207 0.00084 -0.00063 -0.00297 -0.00121 -0.00118 0.00052 0.00271 0.00532 0.00277 0.00682 0.00275 -0.01393 0.0126
7696.25 -0.00085 -0.00228 -0.00345 0.00067 -0.00165 0.00077 -0.00301 -0.00126 -0.00057 0.00183 0.00544 0.00083 0.00604 0.00432 -0.01697 0.01474
7696.5 -0.0006 -0.0015 -0.00228 -0.00077 -0.00199 0.0032 -0.00357 -0.00106 -0.00092 0.00056 0.00508 -0.00169 0.00538 0.00578 -0.01818 0.01556
7696.75 -0.0002 -0.00107 0 -0.00269 -0.00198 0.00377 -0.0024 -0.00066 -0.00037 -0.00135 0.00372 -0.00249 0.0063 0.00703 -0.00626 0.01473
7697 0.0004 -0.00154 0.00061 0.00037 0.0004 0.00318 -0.00221 0.00125 0.00072 -0.00156 0.00198 -0.00039 0.00639 0.00627 0.00152 0.01322
7697.25 -0.0018 -0.00139 0.00106 0.00243 0.00165 0.00223 -0.00245 0.0022 0.0017 -0.00104 0.00004 0.0049 0.0057 0.00417 0.00366 0.00972
7697.5 -0.00445 -0.0008 0.00117 0.00242 -0.00004 0.00332 -0.00407 -0.00086 -0.00048 -0.00185 -0.00121 0.0057 0.0054 0.0025 0.00484 0.00878
7697.75 -0.00131 0.00153 0.00032 0.00043 -0.00068 0.00347 -0.00577 -0.00171 -0.00186 -0.002 -0.00196 0.00526 0.00452 0.00126 0.00555 0.01202
7698 0.00078 0.0036 -0.00109 -0.00268 -0.00063 0.00194 -0.00756 -0.0006 -0.00204 -0.00077 -0.00143 0.00462 -0.00013 0.00134 0.00397 0.00244
7698.25 0.00124 0.00411 -0.00079 -0.00126 0.00027 0.00247 -0.00393 0.00011 -0.00353 0.00016 -0.0003 0.00368 -0.0011 0.00012 0.0015 -0.01271
7698.5 0.0026 0.00291 -0.00051 0.00051 0.00111 0.004 0.00231 0.00045 -0.00547 0.00091 0.00127 0.00235 0.0022 -0.00219 -0.0025 -0.0252
7698.75 0.00429 0.00024 -0.00048 0.00265 0.00154 0.00361 0.00108 -0.00076 -0.00419 0.00151 0.00149 0.0011 0.00398 -0.00285 -0.00025 -0.02988
7699 0.00213 0.00027 0.00117 0.00388 0.0025 0.00304 0.00006 -0.00151 -0.0025 0.00216 0.0015 -0.00008 0.00527 -0.00264 0.00488 -0.01856
7699.25 0.00166 0.00079 0.00398 0.00448 0.00389 0.00213 -0.00033 -0.00174 -0.00002 0.00296 0.00126 -0.00049 0.00594 0.00053 0.00599 -0.00583
7699.5 0.00458 0.00139 0.00276 0.00531 0.00441 0.00283 0.00108 -0.00226 0.00045 0.0019 0.00112 -0.00131 0.00621 0.00231 0.00608 0.00768
7699.75 0.00602 0.00228 0.00221 0.00579 0.00463 0.00454 0.0036 -0.0026 -0.00013 -0.0005 0.00105 -0.00285 0.00591 0.0026 0.00396 0.00569
7700 0.00664 0.00351 0.00595 0.00481 0.0041 0.00481 0.00297 -0.00082 0.00045 -0.00033 -0.00107 -0.00318 0.0052 0.00328 0.00466 0.00165
7700.25 0.00512 0.00444 0.00734 0.0049 0.00435 0.00522 0.00259 0.00062 0.00119 -0.00005 -0.0033 -0.00292 0.00436 0.00399 0.00705 -0.00603
7700.5 0.00435 0.00493 0.0066 0.00595 0.00538 0.00636 0.00367 0.00158 0.00224 -0.0005 -0.00406 -0.00251 0.00481 0.00422 0.0073 -0.00635
7700.75 0.00587 0.0024 0.00794 0.0064 0.00581 0.00738 0.00219 0.00119 0.00285 0.00016 -0.00252 -0.00024 0.00562 0.00575 0.00798 -0.00142
7701 0.00655 0.00172 0.00915 0.00685 0.00621 0.00829 -0.00131 0.00043 0.00318 0.00182 0.00162 0.00632 0.0071 0.00905 0.01034 0.00118
7701.25 0.00665 0.00358 0.00732 0.008 0.00746 0.00759 -0.00034 0.00211 0.00561 0.00175 0.00298 0.00739 0.00775 0.00876 0.011 0.00344
7701.5 0.00783 0.00556 0.00648 0.00778 0.00864 0.00708 0.00142 0.0033 0.00743 0.00124 0.00356 0.0051 0.00798 0.00721 0.01036 0.00552
7701.75 0.00913 0.00745 0.00679 0.006 0.00974 0.00843 0.00383 0.00362 0.00641 0.00018 0.00419 0.00531 0.00807 0.00579 0.01257 0.00822
7702 0.01036 0.00637 0.00625 0.0057 0.00781 0.00868 0.00506 0.00409 0.00687 0.00018 0.00434 0.00709 0.00808 0.00581 0.01474 0.01149
7702.25 0.0104 0.00619 0.00555 0.00574 0.00511 0.00779 0.00512 0.00464 0.00861 0.0014 0.00379 0.01317 0.00788 0.00833 0.0151 0.00523
7702.5 0.00937 0.00765 0.00566 0.00515 0.0067 0.00683 0.00466 0.00499 0.00824 0.00396 0.0044 0.01447 0.0072 0.00917 0.01204 0.00106
7702.75 0.00945 0.0092 0.00715 0.00561 0.00763 0.00619 0.00461 0.00542 0.00786 0.00671 0.00545 0.01194 0.00619 0.00922 0.00562 0.0196
7703 0.0096 0.0108 0.01067 0.0076 0.00744 0.008 0.00814 0.00603 0.00934 0.00762 0.00608 0.01168 0.00938 0.00723 0.01212 0.02973
7703.25 0.00896 0.01063 0.00956 0.00755 0.01053 0.0102 0.01024 0.00736 0.01008 0.00813 0.0064 0.01262 0.0121 0.00649 0.02004 0.03015
7703.5 0.00902 0.01071 0.00673 0.00675 0.01513 0.01289 0.01052 0.00915 0.01001 0.00806 0.00612 0.01733 0.01192 0.00864 0.01869 0.01651
7703.75 0.00988 0.01146 0.00773 0.00764 0.01208 0.01444 0.00999 0.00876 0.011 0.00847 0.00445 0.01882 0.01289 0.01035 0.0177 0.0005
7704 0.00873 0.01138 0.00899 0.00897 0.01078 0.01564 0.0094 0.0089 0.01242 0.00915 0.00204 0.01704 0.01484 0.01177 0.01715 0.00198
7704.25 0.00745 0.01077 0.01079 0.01114 0.01349 0.01748 0.01203 0.01132 0.01505 0.01246 0.00414 0.01547 0.01714 0.01215 0.01518 0.00268
7704.5 0.01082 0.01351 0.01313 0.01375 0.01665 0.01845 0.01416 0.01369 0.01682 0.01438 0.00804 0.01425 0.01904 0.0126 0.01302 0.0022
7704.75 0.01435 0.01593 0.01578 0.01657 0.02008 0.01793 0.01545 0.016 0.01735 0.01361 0.01612 0.01518 0.01854 0.01352 0.01462 0.00316
7705 0.01812 0.01628 0.01789 0.01572 0.02007 0.0223 0.01979 0.01647 0.02041 0.01609 0.02314 0.01594 0.02032 0.01788 0.0183 0.00475
7705.25 0.01875 0.01933 0.01998 0.01629 0.02127 0.02893 0.02551 0.01684 0.02435 0.02032 0.02942 0.01648 0.02459 0.02502 0.02541 0.0085
7705.5 0.01828 0.02465 0.0221 0.02085 0.02696 0.03095 0.0245 0.01825 0.02608 0.0236 0.03115 0.0228 0.02658 0.03017 0.03222 0.01097
7705.75 0.0246 0.03294 0.02635 0.02565 0.0314 0.0331 0.02457 0.02164 0.02819 0.0264 0.03292 0.03075 0.02803 0.03468 0.03883 0.01093
7706 0.02971 0.04083 0.0321 0.03061 0.03484 0.03562 0.02705 0.02714 0.031 0.02802 0.03648 0.03259 0.03015 0.03766 0.03005 0.01818
7706.25 0.03239 0.04427 0.03595 0.03616 0.03882 0.04014 0.03241 0.03279 0.03371 0.0316 0.03996 0.03496 0.03236 0.03785 0.02443 0.02938
7706.5 0.0388 0.04781 0.04003 0.04166 0.04317 0.04588 0.03952 0.03799 0.03638 0.03654 0.04336 0.03822 0.03472 0.03513 0.02565 0.03311
7706.75 0.04728 0.05147 0.04578 0.04668 0.04886 0.0502 0.04345 0.03891 0.04157 0.0387 0.04482 0.03991 0.03738 0.03654 0.03034 0.03319
7707 0.05211 0.05575 0.04999 0.05029 0.05246 0.05379 0.04659 0.03979 0.04455 0.0406 0.04587 0.04083 0.0401 0.03864 0.03713 0.02412
7707.25 0.05519 0.05967 0.05277 0.05263 0.05385 0.0554 0.04797 0.04061 0.04163 0.04273 0.04662 0.04052 0.04134 0.03778 0.03963 0.02394
7707.5 0.05397 0.0588 0.05207 0.05275 0.05338 0.0577 0.04907 0.0431 0.04059 0.04476 0.04686 0.04069 0.04202 0.03702 0.03775 0.03018
7707.75 0.0525 0.05704 0.05031 0.05191 0.05229 0.06055 0.04994 0.04609 0.04083 0.0467 0.0465 0.04199 0.04163 0.0364 0.02345 0.0286
7708 0.05084 0.05399 0.04639 0.04793 0.04995 0.05847 0.04898 0.04561 0.0401 0.04571 0.04593 0.04153 0.04198 0.03693 0.01948 0.02734
7708.25 0.04694 0.05029 0.04473 0.04524 0.04856 0.05598 0.04756 0.04527 0.0395 0.04386 0.04531 0.03992 0.04273 0.03793 0.02376 0.03111
7708.5 0.04316 0.04632 0.04581 0.04409 0.04851 0.05537 0.04532 0.04522 0.03983 0.04044 0.04482 0.0427 0.04053 0.04006 0.02885 0.03419
7708.75 0.04105 0.04161 0.04403 0.04372 0.04857 0.05344 0.04419 0.04409 0.04087 0.03933 0.04481 0.04464 0.03884 0.041 0.03463 0.03662
7709 0.03986 0.03848 0.04167 0.04333 0.04858 0.05009 0.04425 0.04241 0.04257 0.04106 0.04555 0.04246 0.03882 0.03973 0.04305 0.04033
7709.25 0.03956 0.03842 0.04334 0.03983 0.04684 0.05164 0.0437 0.04371 0.04217 0.04176 0.04675 0.04287 0.03936 0.04151 0.04082 0.04466
7709.5 0.04043 0.03778 0.04395 0.03801 0.04512 0.05388 0.04329 0.0448 0.0416 0.04208 0.04814 0.04547 0.04029 0.04486 0.0274 0.05119
7709.75 0.04128 0.03684 0.04283 0.03889 0.04344 0.05061 0.0454 0.04508 0.04257 0.04176 0.0492 0.04858 0.04274 0.04783 0.03745 0.0531
7710 0.04019 0.03964 0.04405 0.0408 0.04573 0.04908 0.04629 0.04466 0.04371 0.04241 0.05081 0.05142 0.04501 0.0497 0.05021 0.04911
7710.25 0.04088 0.04199 0.0463 0.04317 0.05005 0.05004 0.04546 0.04377 0.04505 0.04464 0.05355 0.0524 0.04588 0.04877 0.03569 0.04513
7710.5 0.04389 0.04268 0.04472 0.04858 0.05092 0.05125 0.04854 0.04735 0.04914 0.04773 0.05644 0.05527 0.04864 0.04934 0.02532 0.04211
7710.75 0.04571 0.04574 0.04543 0.05266 0.05242 0.05268 0.05301 0.05156 0.05399 0.05123 0.05942 0.06027 0.05319 0.05097 0.02078 0.05418
7711 0.04708 0.05054 0.05128 0.0538 0.05586 0.05804 0.05457 0.0562 0.05733 0.05554 0.06324 0.06463 0.05389 0.05647 0.02174 0.06335
7711.25 0.04766 0.05457 0.05622 0.05728 0.05952 0.0633 0.05717 0.06163 0.061 0.0603 0.06748 0.06892 0.05514 0.0622 0.02509 0.06752
7711.5 0.05179 0.05932 0.06059 0.06218 0.06335 0.0684 0.06175 0.0678 0.06521 0.06604 0.07283 0.07449 0.06561 0.06709 0.03635 0.07363
7711.75 0.06211 0.06737 0.06495 0.06448 0.06996 0.07139 0.06755 0.07442 0.07174 0.0744 0.08001 0.08099 0.07329 0.07456 0.05179 0.08065
7712 0.06616 0.07274 0.06973 0.06803 0.07636 0.07324 0.074 0.08119 0.07931 0.08439 0.08864 0.08891 0.07743 0.08444 0.07518 0.09425
7712.25 0.06716 0.07547 0.07589 0.07615 0.08072 0.08477 0.08023 0.08824 0.09027 0.09156 0.09816 0.09915 0.08708 0.09642 0.09353 0.10559
7712.5 0.07342 0.08142 0.08142 0.08259 0.08547 0.09534 0.08747 0.09682 0.10054 0.09954 0.10819 0.1104 0.09909 0.10897 0.10919 0.11132
7712.75 0.08 0.08785 0.08642 0.08764 0.0906 0.102 0.09748 0.10735 0.10921 0.11101 0.11992 0.12463 0.11965 0.12238 0.11916 0.12652
7713 0.08706 0.09245 0.09142 0.09524 0.09848 0.11034 0.1067 0.11734 0.12082 0.12392 0.13381 0.13876 0.13678 0.13611 0.13142 0.14793
7713.25 0.09476 0.0986 0.09721 0.10348 0.10743 0.11993 0.11534 0.12741 0.13431 0.13808 0.14999 0.15268 0.14791 0.15025 0.1506 0.16851
7713.5 0.10289 0.10686 0.10711 0.11283 0.11964 0.12671 0.12578 0.14164 0.14998 0.15647 0.16609 0.17061 0.16803 0.16948 0.16962 0.18676
7713.75 0.11027 0.11608 0.11621 0.12241 0.13175 0.13504 0.13753 0.15696 0.16732 0.17632 0.18287 0.1909 0.19253 0.19078 0.18851 0.19706
7714 0.11847 0.12568 0.1244 0.13223 0.14374 0.15166 0.15373 0.17416 0.18964 0.19985 0.20591 0.21428 0.21808 0.21842 0.22258 0.21371
7714.25 0.13002 0.13557 0.13616 0.14529 0.15645 0.1698 0.17063 0.19465 0.21383 0.22453 0.2306 0.23962 0.24595 0.24759 0.25719 0.23602
7714.5 0.13919 0.14658 0.14897 0.15921 0.16958 0.18946 0.18821 0.21675 0.23964 0.25051 0.25768 0.27043 0.27953 0.27941 0.28568 0.26428
7714.75 0.14616 0.15962 0.16198 0.1725 0.18587 0.20947 0.20998 0.24286 0.26665 0.27784 0.28738 0.30207 0.31009 0.31282 0.31625 0.29509
7715 0.15966 0.17243 0.17493 0.18673 0.2037 0.23031 0.23301 0.27019 0.29432 0.30622 0.31821 0.33439 0.33861 0.347 0.3489 0.33406
7715.25 0.17474 0.18511 0.18778 0.20238 0.22426 0.25697 0.25809 0.30031 0.32444 0.34209 0.35187 0.37028 0.37794 0.38488 0.38996 0.3723
7715.5 0.19129 0.20554 0.20615 0.22331 0.24577 0.28196 0.28529 0.33395 0.35756 0.37986 0.38734 0.40784 0.41963 0.42564 0.43455 0.40964
7715.75 0.20949 0.22601 0.22692 0.24648 0.26777 0.30462 0.31543 0.37002 0.39426 0.42069 0.42649 0.45099 0.46589 0.47347 0.49128 0.46187
7716 0.22982 0.2458 0.24609 0.26764 0.29378 0.32858 0.34447 0.39772 0.43334 0.46049 0.46562 0.49378 0.5109 0.5191 0.547 0.51777
7716.25 0.24859 0.26806 0.26683 0.29034 0.32082 0.35336 0.37333 0.4276 0.47323 0.49985 0.50472 0.53617 0.55472 0.56322 0.60132 0.55692
7716.5 0.26731 0.2921 0.29105 0.31639 0.35023 0.3878 0.40853 0.46932 0.5139 0.54513 0.55041 0.58364 0.60749 0.60962 0.64659 0.60106
7716.75 0.29484 0.32362 0.31926 0.34775 0.38235 0.42464 0.44733 0.5147 0.55939 0.59243 0.59964 0.63307 0.66218 0.65855 0.68924 0.65361
7717 0.32469 0.35641 0.34996 0.38237 0.41641 0.46622 0.4931 0.56358 0.61287 0.64437 0.6584 0.68822 0.71689 0.71633 0.75484 0.71988
7717.25 0.35868 0.39039 0.38751 0.41775 0.45652 0.51355 0.54186 0.61855 0.66851 0.70247 0.71732 0.74559 0.77585 0.77442 0.81946 0.79274
7717.5 0.39347 0.42382 0.42428 0.45324 0.49733 0.56406 0.59225 0.67423 0.72515 0.76448 0.77637 0.8064 0.8403 0.8328 0.88218 0.85185
7717.75 0.42866 0.45671 0.4565 0.48886 0.53802 0.6022 0.63928 0.72555 0.77568 0.81693 0.8291 0.86236 0.89616 0.88751 0.94091 0.90776
7718 0.4647 0.49441 0.49306 0.52804 0.58122 0.64263 0.68616 0.776 0.82714 0.86884 0.88174 0.91621 0.94912 0.94145 0.99744 0.95629
7718.25 0.50167 0.53321 0.53339 0.57024 0.62689 0.69168 0.73307 0.82529 0.881 0.92189 0.93902 0.97074 1.00464 0.9957 1.04262 1.01221
7718.5 0.54102 0.57141 0.57423 0.61277 0.67121 0.74053 0.78051 0.8696 0.93185 0.97389 0.99373 1.02412 1.06092 1.04751 1.09109 1.07315
7718.75 0.57801 0.6079 0.61401 0.65363 0.71433 0.78921 0.82837 0.91253 0.9807 1.02494 1.04557 1.07495 1.1186 1.09606 1.15082 1.11683
7719 0.61332 0.64197 0.6471 0.68484 0.75071 0.82765 0.87183 0.96409 1.02841 1.07348 1.09548 1.12312 1.17024 1.14111 1.21061 1.15843
7719.25 0.64319 0.67256 0.6789 0.71668 0.78572 0.86445 0.9139 1.01032 1.07371 1.12031 1.14393 1.16965 1.21878 1.18476 1.27045 1.19943
7719.5 0.67268 0.70197 0.70916 0.74927 0.81884 0.90089 0.95248 1.04658 1.11046 1.15977 1.18237 1.21179 1.25812 1.22505 1.32196 1.24245
7719.75 0.70446 0.73844 0.7464 0.78391 0.85427 0.94033 0.99477 1.08338 1.15532 1.20224 1.22508 1.25315 1.3002 1.26519 1.36975 1.28741
7720 0.73685 0.77443 0.78189 0.81903 0.88915 0.97151 1.02925 1.12183 1.191 1.23683 1.26129 1.28855 1.33847 1.30084 1.40324 1.35199
7720.25 0.77572 0.81378 0.81681 0.85357 0.92168 1.00318 1.06362 1.15971 1.22554 1.26888 1.29375 1.32159 1.3715 1.33444 1.4351 1.37206
7720.5 0.81613 0.85407 0.85113 0.88754 0.95151 1.04069 1.10144 1.1967 1.25924 1.29669 1.3199 1.34828 1.39393 1.3589 1.4641 1.40521
7720.75 0.85994 0.89321 0.89203 0.92565 0.98985 1.07657 1.13754 1.23065 1.29004 1.32587 1.34512 1.37479 1.41667 1.38262 1.48942 1.44881
7721 0.90537 0.93623 0.93474 0.96508 1.03019 1.11094 1.17207 1.26327 1.31855 1.35651 1.36908 1.40147 1.44012 1.40517 1.50241 1.47902
7721.25 0.95215 0.98573 0.97889 1.00701 1.06338 1.1458 1.20515 1.29215 1.34434 1.38149 1.38944 1.42123 1.46134 1.42268 1.52221 1.50443
7721.5 0.99526 1.0291 1.02175 1.0486 1.09974 1.18089 1.23736 1.31737 1.36838 1.40419 1.4084 1.43592 1.48118 1.43797 1.54817 1.51689
7721.75 1.03909 1.0696 1.06277 1.08972 1.1413 1.21681 1.26591 1.33438 1.38604 1.4195 1.42442 1.44852 1.49085 1.44791 1.55765 1.52654
7722 1.09068 1.11724 1.1112 1.13345 1.17878 1.2506 1.29442 1.35462 1.40357 1.43397 1.43804 1.45982 1.499 1.45521 1.56352 1.53306
7722.25 1.13721 1.16362 1.16231 1.17802 1.21436 1.28163 1.3229 1.37691 1.42097 1.4472 1.44718 1.46663 1.50476 1.45648 1.56821 1.53629
7722.5 1.1777 1.20659 1.20112 1.2155 1.24835 1.31032 1.3495 1.39164 1.43264 1.4529 1.45285 1.47001 1.50759 1.45559 1.56614 1.53834
7722.75 1.21732 1.24437 1.23793 1.24981 1.27943 1.33789 1.37487 1.40515 1.44213 1.45548 1.45666 1.46978 1.50786 1.45331 1.55533 1.53767
7723 1.25599 1.27852 1.2705 1.27749 1.3034 1.35816 1.38754 1.41673 1.44523 1.45669 1.45543 1.46461 1.50229 1.44828 1.54522 1.5338
7723.25 1.28407 1.30579 1.29862 1.30492 1.32576 1.37684 1.3995 1.42536 1.44763 1.45564 1.45283 1.45778 1.49495 1.44099 1.53541 1.52474
7723.5 1.31158 1.33158 1.32407 1.3322 1.347 1.39249 1.41015 1.43127 1.44892 1.44961 1.44696 1.44751 1.48386 1.42631 1.5266 1.51558
7723.75 1.33807 1.35471 1.34553 1.34799 1.35911 1.40345 1.41793 1.43392 1.44501 1.44339 1.43906 1.43762 1.472 1.41383 1.51937 1.50639
7724 1.35646 1.37287 1.36498 1.36234 1.36954 1.41188 1.42418 1.43527 1.43874 1.43704 1.42956 1.42831 1.45917 1.40341 1.51514 1.49065
7724.25 1.37082 1.38604 1.37878 1.37475 1.37749 1.41743 1.42184 1.43248 1.43083 1.42796 1.42006 1.41594 1.4505 1.39127 1.50159 1.47305
7724.5 1.3826 1.39473 1.3918 1.38595 1.38404 1.42068 1.41848 1.42684 1.42184 1.418 1.41007 1.40226 1.44269 1.37861 1.48296 1.45114
7724.75 1.39326 1.40212 1.40413 1.39613 1.38923 1.41768 1.41336 1.41743 1.41028 1.4058 1.39769 1.39103 1.42393 1.36494 1.44876 1.4227
7725 1.40109 1.40786 1.41122 1.39618 1.39154 1.41383 1.40935 1.40541 1.39986 1.39352 1.38528 1.37814 1.40712 1.35212 1.42204 1.38983
7725.25 1.40588 1.412 1.4162 1.39505 1.39217 1.4093 1.40621 1.39243 1.39022 1.38116 1.37283 1.36149 1.39399 1.34044 1.41986 1.36885
7725.5 1.40842 1.41381 1.41445 1.39828 1.38477 1.40285 1.39629 1.37913 1.37666 1.36597 1.357 1.34651 1.37743 1.32504 1.411 1.35089
7725.75 1.41003 1.41145 1.41186 1.3953 1.37907 1.39586 1.38536 1.36647 1.36243 1.35009 1.34006 1.33262 1.35905 1.30818 1.3968 1.33953
7726 1.41059 1.40738 1.40822 1.38466 1.37577 1.38766 1.37478 1.35506 1.34727 1.33357 1.32178 1.31651 1.34334 1.2895 1.36834 1.32447
7726.25 1.40692 1.40209 1.40185 1.3802 1.36651 1.37926 1.36365 1.34413 1.33079 1.31712 1.30448 1.29978 1.32664 1.27145 1.33773 1.30576
7726.5 1.40221 1.3983 1.39485 1.37769 1.3549 1.37063 1.3519 1.33347 1.31299 1.30077 1.2888 1.28149 1.30671 1.25468 1.30805 1.28691
7726.75 1.39639 1.39775 1.39397 1.37267 1.34675 1.36194 1.33826 1.31935 1.30175 1.28649 1.27342 1.26635 1.28734 1.23821 1.29218 1.26853
7727 1.38882 1.39227 1.39156 1.36713 1.33934 1.35321 1.32434 1.30537 1.2916 1.27281 1.25818 1.25415 1.26841 1.2219 1.29227 1.25435
7727.25 1.38165 1.38372 1.38629 1.36063 1.33352 1.34423 1.3141 1.29247 1.27747 1.25525 1.2392 1.23898 1.25322 1.20704 1.28537 1.24259
7727.5 1.38408 1.37916 1.378 1.35639 1.32446 1.33477 1.30421 1.2783 1.26331 1.23874 1.22135 1.22334 1.23839 1.19257 1.27582 1.23435
7727.75 1.38057 1.3742 1.36809 1.35336 1.31337 1.32451 1.29492 1.26305 1.2491 1.2243 1.20662 1.20931 1.22221 1.17907 1.25899 1.21971
7728 1.36768 1.36654 1.36531 1.3432 1.30504 1.31263 1.28241 1.25202 1.23589 1.2115 1.19427 1.19564 1.20676 1.1644 1.24272 1.20242
7728.25 1.35809 1.35992 1.36085 1.33396 1.29741 1.29997 1.26836 1.24186 1.22309 1.19962 1.18362 1.18249 1.19216 1.14875 1.22743 1.18352
7728.5 1.34999 1.35424 1.35035 1.32835 1.29147 1.29082 1.26019 1.23235 1.21067 1.18697 1.17212 1.17017 1.18159 1.1374 1.2159 1.16554
7728.75 1.34363 1.3468 1.34263 1.32015 1.2831 1.28241 1.25213 1.2224 1.20031 1.17543 1.16082 1.15809 1.17229 1.12689 1.20624 1.14957
7729 1.33733 1.3389 1.33717 1.30987 1.27247 1.27574 1.24398 1.21194 1.19449 1.16759 1.15093 1.14219 1.16336 1.11648 1.19373 1.14685
7729.25 1.33115 1.33034 1.32704 1.29919 1.2635 1.26362 1.23355 1.19894 1.18477 1.15747 1.13849 1.12667 1.1527 1.10412 1.18088 1.15252
7729.5 1.32393 1.32171 1.31653 1.2884 1.25477 1.24749 1.22149 1.18556 1.17262 1.14544 1.12337 1.11197 1.13909 1.08932 1.16737 1.14295
7729.75 1.31599 1.313 1.30822 1.27739 1.24518 1.23823 1.21081 1.1802 1.15937 1.13444 1.11335 1.10175 1.12791 1.07863 1.15607 1.13089
7730 1.30654 1.30132 1.29982 1.26615 1.23405 1.22985 1.20006 1.17169 1.14704 1.12387 1.10479 1.09423 1.11793 1.06922 1.14641 1.11482
7730.25 1.29563 1.28859 1.29131 1.25464 1.22081 1.22104 1.18811 1.15737 1.13839 1.11483 1.09718 1.08355 1.10464 1.05684 1.13073 1.10423
7730.5 1.27937 1.27907 1.27882 1.2436 1.2119 1.21167 1.17716 1.14536 1.12799 1.1055 1.08816 1.07379 1.09281 1.04344 1.11526 1.09878
7730.75 1.26606 1.26868 1.26511 1.23261 1.20456 1.20171 1.1673 1.13458 1.11595 1.09582 1.0769 1.06809 1.08523 1.02807 1.105 1.09266
7731 1.25579 1.25646 1.25233 1.22015 1.19374 1.18861 1.15954 1.12572 1.10662 1.08619 1.06571 1.06209 1.07576 1.01496 1.09682 1.08589
7731.25 1.24468 1.24759 1.24009 1.20952 1.18257 1.1751 1.15204 1.11799 1.09824 1.07678 1.05454 1.05581 1.06487 1.00308 1.09096 1.07528
7731.5 1.23351 1.24074 1.22885 1.20212 1.17069 1.16758 1.14086 1.11333 1.09261 1.07187 1.04823 1.04821 1.05907 0.99948 1.0836 1.06011
7731.75 1.2239 1.2293 1.21884 1.19564 1.16139 1.1601 1.13147 1.10901 1.08551 1.06629 1.04265 1.04058 1.05331 0.99751 1.07479 1.03854
7732 1.21563 1.21808 1.2095 1.18963 1.15365 1.15266 1.12498 1.10497 1.07637 1.05942 1.0387 1.03473 1.0439 0.99907 1.05299 1.03023
7732.25 1.20943 1.2089 1.20219 1.18004 1.14709 1.14365 1.11612 1.09702 1.06833 1.05268 1.0339 1.02945 1.03665 0.99553 1.04245 1.02724
7732.5 1.20092 1.20167 1.1956 1.17124 1.14115 1.13388 1.10613 1.08915 1.06079 1.04601 1.02851 1.02494 1.03185 0.9877 1.05092 1.02824
7732.75 1.19136 1.19622 1.19089 1.16513 1.13703 1.13195 1.10555 1.08563 1.05879 1.04067 1.02469 1.02039 1.02925 0.98527 1.05425 1.02677
7733 1.18898 1.19313 1.18698 1.16109 1.13129 1.12942 1.10353 1.08099 1.0565 1.0363 1.02141 1.01588 1.02726 0.9836 1.05502 1.01981
7733.25 1.18555 1.19003 1.18372 1.1587 1.12404 1.12466 1.09708 1.07497 1.0536 1.03473 1.01961 1.01427 1.02421 0.98036 1.04936 1.0119
7733.5 1.17929 1.1831 1.17994 1.15548 1.12165 1.1198 1.09397 1.07198 1.05077 1.033 1.01847 1.01291 1.02162 0.97767 1.04389 1.00338
7733.75 1.17498 1.17865 1.17611 1.15273 1.12017 1.11486 1.09331 1.07018 1.04799 1.03115 1.01803 1.01209 1.01984 0.97568 1.03955 1.01172
7734 1.17205 1.17761 1.17243 1.15336 1.11762 1.11656 1.0925 1.07158 1.05058 1.02734 1.01858 1.00985 1.02072 0.97444 1.03513 1.0189
7734.25 1.17301 1.17647 1.17046 1.15355 1.11726 1.11808 1.09185 1.07161 1.05236 1.02361 1.01912 1.00674 1.02293 0.97349 1.03066 1.01573
7734.5 1.1744 1.17533 1.17058 1.15319 1.11999 1.11384 1.0921 1.06904 1.04909 1.02278 1.01641 1.00609 1.0209 0.97351 1.03319 1.01401
7734.75 1.17543 1.17769 1.17081 1.15085 1.12093 1.11194 1.09211 1.06888 1.04862 1.02371 1.01506 1.00525 1.01926 0.97489 1.0351 1.0137
7735 1.17607 1.17945 1.17092 1.1482 1.12116 1.11271 1.09186 1.07005 1.05085 1.0269 1.01593 1.00297 1.01927 0.97897 1.02813 1.01127
7735.25 1.17629 1.17992 1.16778 1.15271 1.12158 1.11571 1.0927 1.0688 1.05214 1.02748 1.01755 1.00276 1.01944 0.98073 1.0276 1.00862
7735.5 1.17679 1.18018 1.16769 1.15482 1.12199 1.11907 1.09383 1.068 1.05303 1.02707 1.01953 1.00453 1.01973 0.98113 1.03461 1.00853
7735.75 1.17741 1.1803 1.1734 1.1524 1.12237 1.1175 1.09436 1.06907 1.05235 1.02561 1.02014 1.00371 1.01952 0.98031 1.03579 1.00992
7736 1.17862 1.18358 1.17474 1.15368 1.12247 1.11723 1.09425 1.06885 1.05258 1.02561 1.02056 1.00278 1.0192 0.97988 1.03509 1.01349
7736.25 1.18026 1.18669 1.17362 1.15701 1.12238 1.11928 1.09302 1.06751 1.05416 1.0286 1.0206 1.00598 1.01872 0.98114 1.03356 1.00527
7736.5 1.18262 1.18797 1.17767 1.15633 1.12973 1.12041 1.0948 1.07164 1.05441 1.02847 1.01912 1.00759 1.01831 0.98102 1.02522 0.99201
7736.75 1.18626 1.19045 1.18109 1.15699 1.13604 1.12108 1.09811 1.07618 1.05409 1.02649 1.0165 1.00688 1.01797 0.97967 1.00458 0.99721
7737 1.19053 1.19409 1.18142 1.16261 1.13537 1.12028 1.09972 1.07642 1.05299 1.02779 1.01722 1.00574 1.01524 0.97981 1.00371 1.00207
7737.25 1.19403 1.19676 1.18353 1.16471 1.13495 1.12015 1.10136 1.0745 1.05287 1.02837 1.01769 1.00441 1.01192 0.97989 1.01341 1.00612
7737.5 1.19723 1.19919 1.18722 1.16377 1.13476 1.12218 1.10327 1.06968 1.0551 1.02548 1.0143 1.0062 1.01339 0.97716 1.01133 0.99484
7737.75 1.19967 1.20157 1.19011 1.16655 1.13391 1.1224 1.10411 1.0671 1.05583 1.02469 1.01158 1.00543 1.01356 0.9759 1.00933 0.97298
7738 1.20127 1.20311 1.19264 1.16996 1.13307 1.12114 1.10409 1.06545 1.0555 1.02589 1.00964 0.99854 1.01118 0.97671 1.00953 0.96812
7738.25 1.20221 1.20338 1.19387 1.17261 1.13403 1.12531 1.10426 1.06725 1.05031 1.02427 1.00646 0.99507 1.00783 0.9725 1.01013 0.96821
7738.5 1.20437 1.20623 1.19552 1.17374 1.13474 1.12939 1.10421 1.06886 1.04535 1.02219 1.00312 0.99392 1.00392 0.96634 1.01105 0.98034
7738.75 1.2068 1.21022 1.19774 1.17284 1.13507 1.12727 1.10271 1.07004 1.04414 1.02156 1.00342 0.99203 1.00175 0.96401 1.01281 0.98548
7739 1.2096 1.21229 1.20026 1.17462 1.13575 1.1266 1.10111 1.06741 1.04189 1.01997 1.00113 0.98933 0.99824 0.96134 1.0137 0.98317
7739.25 1.21101 1.21426 1.20284 1.17728 1.13659 1.12776 1.09935 1.0624 1.03851 1.017 0.99408 0.98356 0.9899 0.9579 1.00808 0.97398
7739.5 1.21074 1.21607 1.20199 1.17385 1.13608 1.12395 1.09599 1.06145 1.03546 1.01169 0.99024 0.97987 0.98347 0.95526 0.99778 0.96381
7739.75 1.21188 1.21406 1.20124 1.17248 1.13556 1.11855 1.09212 1.05992 1.03257 1.00542 0.98814 0.97842 0.97876 0.95313 0.98132 0.96539
7740 1.21342 1.20928 1.20068 1.17556 1.13506 1.11921 1.08965 1.0547 1.03054 1.00297 0.98244 0.9734 0.97388 0.9482 0.9787 0.96299
7740.25 1.21347 1.20885 1.19794 1.17572 1.13211 1.11807 1.08655 1.05127 1.02748 0.99937 0.97649 0.96729 0.96935 0.94254 0.98102 0.95387
7740.5 1.2123 1.20814 1.1938 1.17402 1.12735 1.11325 1.08215 1.0496 1.02264 0.993 0.97041 0.95999 0.96763 0.93516 0.97388 0.94641
7740.75 1.2088 1.20312 1.18953 1.16882 1.12899 1.11121 1.07877 1.04182 1.01663 0.98868 0.96523 0.95328 0.96439 0.92741 0.96327 0.93977
7741 1.2054 1.19718 1.18595 1.16308 1.12978 1.11086 1.076 1.03307 1.01001 0.98576 0.9608 0.94757 0.95902 0.91929 0.94531 0.93619
7741.25 1.20206 1.19021 1.18522 1.15657 1.12168 1.10378 1.07011 1.02961 1.00444 0.97933 0.95104 0.94434 0.95242 0.91253 0.9415 0.93179
7741.5 1.19684 1.18399 1.18096 1.1521 1.11556 1.09741 1.06431 1.02433 0.99846 0.97242 0.94079 0.94234 0.94532 0.90578 0.94651 0.92474
7741.75 1.19179 1.17812 1.17306 1.14969 1.11177 1.0958 1.05976 1.01618 0.99118 0.96535 0.93481 0.93288 0.9407 0.89505 0.94834 0.91983
7742 1.18779 1.17409 1.16836 1.1431 1.1039 1.08948 1.05519 1.00859 0.98431 0.95718 0.92834 0.92482 0.93551 0.88681 0.94529 0.91667
7742.25 1.18237 1.17004 1.16436 1.136 1.09499 1.0786 1.05059 1.00126 0.97779 0.94779 0.92122 0.92174 0.92902 0.88268 0.92443 0.92093
7742.5 1.17563 1.16599 1.15856 1.13501 1.09091 1.07393 1.04494 0.9979 0.97141 0.94534 0.9185 0.9154 0.92197 0.87987 0.91471 0.92488
7742.75 1.16961 1.16054 1.15057 1.13037 1.08712 1.07053 1.03898 0.9935 0.96497 0.94428 0.91751 0.90641 0.91456 0.87769 0.91611 0.91899
7743 1.16384 1.15434 1.13897 1.11976 1.08387 1.06498 1.0325 0.98606 0.958 0.9338 0.9128 0.90038 0.9107 0.8693 0.90169 0.90949
7743.25 1.15868 1.14537 1.13408 1.11241 1.07613 1.05993 1.02707 0.97808 0.95283 0.92505 0.90628 0.89463 0.90665 0.86133 0.88451 0.89534
7743.5 1.15264 1.13759 1.13248 1.10661 1.06586 1.05565 1.02327 0.96967 0.95003 0.91941 0.89564 0.88721 0.89981 0.85521 0.88188 0.87691
7743.75 1.14527 1.13417 1.12801 1.09808 1.05822 1.04502 1.01865 0.96661 0.93406 0.91426 0.8881 0.88282 0.89348 0.84866 0.88281 0.85733
7744 1.13736 1.12878 1.12165 1.09064 1.05155 1.03152 1.01366 0.96376 0.91366 0.90938 0.88264 0.88235 0.88771 0.84177 0.88944 0.85171
7744.25 1.12921 1.12163 1.11023 1.08643 1.04758 1.02844 1.00637 0.95746 0.91718 0.90451 0.87832 0.87616 0.8813 0.83551 0.88902 0.84718
7744.5 1.12444 1.11617 1.10368 1.08062 1.0428 1.02521 0.99891 0.95043 0.91782 0.89909 0.87371 0.86798 0.87488 0.82999 0.88521 0.84498
7744.75 1.11807 1.11088 1.10102 1.07354 1.0373 1.02104 0.99115 0.94254 0.91224 0.89195 0.86721 0.86534 0.87102 0.82827 0.88177 0.83792
7745 1.1076 1.10413 1.09293 1.06462 1.03121 1.01436 0.98479 0.93737 0.90479 0.88402 0.86146 0.8615 0.86658 0.82515 0.87747 0.82784
7745.25 1.10198 1.09713 1.08402 1.05638 1.02507 1.00578 0.97948 0.93305 0.89615 0.87541 0.85652 0.85504 0.86111 0.82023 0.87074 0.824
7745.5 1.09993 1.08976 1.07597 1.05403 1.01958 0.99774 0.97339 0.92596 0.89137 0.871 0.8512 0.84984 0.8567 0.81416 0.86446 0.8211
7745.75 1.08921 1.0809 1.06977 1.04914 1.01191 0.99029 0.96722 0.91985 0.88678 0.8673 0.84598 0.84546 0.85285 0.80769 0.85853 0.81948
7746 1.07789 1.07142 1.06596 1.041 1.00103 0.98552 0.96134 0.91568 0.88126 0.86235 0.8438 0.84144 0.84995 0.80316 0.85016 0.81239
7746.25 1.07002 1.06237 1.05953 1.03144 0.99337 0.9798 0.95579 0.91049 0.87571 0.85831 0.84114 0.83772 0.84642 0.79951 0.84072 0.79972
7746.5 1.06214 1.05402 1.05197 1.02143 0.98713 0.9729 0.95066 0.90467 0.87012 0.85552 0.83763 0.83505 0.8407 0.79777 0.82739 0.79972
7746.75 1.05424 1.04737 1.03651 1.01431 0.98376 0.96554 0.94343 0.89992 0.86599 0.85213 0.83597 0.83182 0.83716 0.79768 0.81985 0.80276
7747 1.04517 1.03922 1.02526 1.0074 0.97815 0.95815 0.93569 0.89536 0.86224 0.84848 0.83528 0.82801 0.83554 0.79867 0.8198 0.80161
7747.25 1.03573 1.02996 1.02326 1.00094 0.9667 0.95503 0.93365 0.89116 0.85822 0.84561 0.83029 0.82766 0.83319 0.79948 0.81989 0.79728
7747.5 1.02678 1.01846 1.01673 0.99417 0.95922 0.9512 0.93016 0.88692 0.85562 0.8424 0.82607 0.82804 0.83069 0.79931 0.82006 0.78758
7747.75 1.01827 1.00734 1.00723 0.98719 0.95472 0.94592 0.92373 0.88265 0.85549 0.83834 0.82521 0.82515 0.82832 0.7951 0.82109 0.79522
7748 1.01066 0.99984 1.00221 0.98021 0.94934 0.94235 0.9189 0.8778 0.85239 0.8374 0.82492 0.82321 0.82729 0.79286 0.82276 0.81163
7748.25 1.00146 0.99349 0.99666 0.97353 0.94411 0.93984 0.91504 0.87336 0.84773 0.83867 0.82514 0.82293 0.82822 0.79271 0.82584 0.82252
7748.5 0.9913 0.98852 0.98656 0.96813 0.94045 0.93315 0.91195 0.87508 0.84602 0.83652 0.82613 0.8217 0.82889 0.79522 0.82772 0.8309
7748.75 0.98334 0.98245 0.97774 0.96119 0.93583 0.92619 0.90874 0.87529 0.84481 0.83437 0.82722 0.81997 0.82944 0.79836 0.82882 0.83243
7749 0.97543 0.9759 0.97031 0.95262 0.93003 0.91985 0.90478 0.87298 0.84473 0.83464 0.82786 0.82442 0.82937 0.79946 0.82737 0.82824
7749.25 0.96694 0.96647 0.96147 0.94686 0.92455 0.91468 0.90042 0.86788 0.84311 0.83562 0.82888 0.82874 0.82934 0.80116 0.82817 0.81917
7749.5 0.96143 0.95861 0.95238 0.94206 0.91921 0.91071 0.89565 0.86139 0.84013 0.83743 0.83044 0.83156 0.82945 0.80394 0.83996 0.81248
7749.75 0.95679 0.95344 0.94541 0.93922 0.91447 0.91194 0.89383 0.86372 0.84449 0.83718 0.82973 0.83362 0.83079 0.80627 0.84047 0.80724
7750 0.94836 0.94631 0.94 0.93366 0.91037 0.91021 0.89195 0.8645 0.84566 0.8373 0.82963 0.83479 0.83285 0.80883 0.83398 0.80886
7750.25 0.93993 0.93917 0.93472 0.9279 0.90635 0.90604 0.8896 0.86485 0.84464 0.83807 0.83082 0.83564 0.8347 0.81186 0.83761 0.8129
7750.5 0.9315 0.93204 0.92943 0.92213 0.90232 0.90188 0.88726 0.8652 0.84362 0.83885 0.832 0.83648 0.83654 0.81488 0.84123 0.81697
7750.75 0.92307 0.92491 0.92415 0.91637 0.8983 0.89771 0.88491 0.86555 0.84259 0.83962 0.83319 0.83733 0.83838 0.8179 0.84486 0.82104
7751 0.91565 0.91792 0.91886 0.9106 0.89428 0.89354 0.88257 0.86591 0.84157 0.8404 0.83437 0.83817 0.84023 0.82092 0.84848 0.82511
7751.25 0.9115 0.91285 0.91347 0.9064 0.89167 0.89049 0.88072 0.86514 0.84255 0.84183 0.8361 0.83978 0.84265 0.82401 0.85227 0.82918
7751.5 0.90734 0.90778 0.90806 0.90259 0.88949 0.88846 0.87932 0.86389 0.84512 0.84394 0.83853 0.84346 0.84633 0.8272 0.85666 0.8358
7751.75 0.90318 0.9027 0.90264 0.89877 0.8873 0.88643 0.87792 0.86264 0.84768 0.84606 0.84097 0.84714 0.85001 0.8304 0.86106 0.84284
7752 0.89902 0.89763 0.89723 0.89495 0.88512 0.88439 0.87652 0.86138 0.85024 0.84817 0.84341 0.85083 0.8537 0.83359 0.86545 0.84988
7752.25 0.89495 0.89256 0.89181 0.89114 0.88294 0.88236 0.87512 0.86013 0.8528 0.85028 0.84584 0.85451 0.85738 0.83678 0.86984 0.85692
7752.5 0.89165 0.88904 0.88836 0.88755 0.87997 0.8805 0.87416 0.86004 0.85499 0.85238 0.84813 0.85795 0.8609 0.83995 0.87423 0.86396
7752.75 0.88834 0.88563 0.88588 0.88407 0.87654 0.8789 0.87389 0.86084 0.85667 0.85443 0.85005 0.85985 0.86363 0.84305 0.87865 0.86959
7753 0.88504 0.88222 0.8834 0.88059 0.87311 0.8773 0.87362 0.86164 0.85834 0.85648 0.85198 0.86175 0.86636 0.84616 0.88306 0.8747
7753.25 0.88173 0.87881 0.88092 0.87712 0.86969 0.8757 0.87335 0.86244 0.86002 0.85853 0.85391 0.86365 0.86909 0.84926 0.88748 0.8798
7753.5 0.87842 0.87539 0.87844 0.87364 0.86626 0.8741 0.87308 0.86324 0.8617 0.86058 0.85584 0.86555 0.87182 0.85236 0.89189 0.88491
7753.75 0.87451 0.87292 0.87659 0.87119 0.86466 0.87288 0.87306 0.86557 0.86338 0.86275 0.85802 0.86746 0.87459 0.85553 0.89631 0.89002
7754 0.87059 0.87068 0.87528 0.8696 0.86484 0.87276 0.87369 0.86986 0.86505 0.86532 0.86146 0.87066 0.8779 0.85916 0.90121 0.89492
7754.25 0.86666 0.86844 0.87396 0.86801 0.86501 0.87265 0.87433 0.87415 0.86672 0.86789 0.86489 0.87385 0.88122 0.86279 0.90613 0.89969
7754.5 0.86273 0.86619 0.87265 0.86642 0.86518 0.87253 0.87497 0.87844 0.86839 0.87045 0.86832 0.87705 0.88454 0.86642 0.91105 0.90446
7754.75 0.85881 0.86395 0.87134 0.86483 0.86536 0.87241 0.87561 0.88274 0.87006 0.87302 0.87176 0.88024 0.88786 0.87005 0.91597 0.90923
7755 0.85551 0.86173 0.87002 0.86324 0.86553 0.8723 0.87625 0.88703 0.87173 0.87559 0.87519 0.88343 0.89117 0.87368 0.92089 0.91399
7755.25 0.85387 0.85976 0.8671 0.86203 0.86481 0.87225 0.87712 0.88689 0.87342 0.87809 0.8782 0.88647 0.89437 0.87717 0.92581 0.91876
7755.5 0.85224 0.85779 0.86387 0.8609 0.86387 0.87225 0.87818 0.88514 0.87512 0.88052 0.88073 0.88913 0.89735 0.88046 0.93075 0.92279
7755.75 0.8506 0.85582 0.86064 0.85976 0.86293 0.87226 0.87923 0.88338 0.87682 0.88296 0.88325 0.89179 0.90032 0.88375 0.93568 0.92673
7756 0.84897 0.85385 0.85741 0.85863 0.862 0.87227 0.88029 0.88163 0.87852 0.8854 0.88578 0.89445 0.9033 0.88704 0.94061 0.93067
7756.25 0.84733 0.85187 0.85418 0.85749 0.86106 0.87227 0.88134 0.87987 0.88022 0.88784 0.88831 0.89712 0.90627 0.89033 0.94555 0.93461
7756.5 0.84587 0.85037 0.85135 0.85643 0.8602 0.87228 0.88239 0.87821 0.88192 0.89028 0.89083 0.89978 0.90925 0.89362 0.95048 0.93855
7756.75 0.84454 0.84958 0.85118 0.85588 0.8601 0.87449 0.88336 0.88 0.88445 0.89352 0.89356 0.90252 0.91252 0.89709 0.95417 0.94251
7757 0.84321 0.84878 0.851 0.85533 0.85999 0.87709 0.88431 0.88179 0.88707 0.89694 0.89636 0.90531 0.91597 0.90065 0.95684 0.94654
7757.25 0.84188 0.84799 0.85083 0.85478 0.85988 0.87968 0.88526 0.88357 0.8897 0.90035 0.89915 0.9081 0.91942 0.9042 0.95952 0.95057
7757.5 0.84056 0.84719 0.85066 0.85423 0.85978 0.88228 0.88621 0.88536 0.89232 0.90377 0.90194 0.91089 0.92287 0.90775 0.96219 0.9546
7757.75 0.83923 0.84639 0.85049 0.85368 0.85967 0.88487 0.88716 0.88715 0.89495 0.90719 0.90474 0.91369 0.92632 0.9113 0.96486 0.95863
7758 0.83854 0.84616 0.8506 0.85384 0.85989 0.88715 0.88826 0.88961 0.89764 0.91054 0.90761 0.91648 0.92977 0.91486 0.96753 0.96266
7758.25 0.83796 0.84618 0.85111 0.85497 0.86061 0.88751 0.89023 0.89351 0.90065 0.91331 0.91185 0.92016 0.93332 0.91939 0.9723 0.96665
7758.5 0.83738 0.8462 0.85161 0.85609 0.86133 0.88786 0.89219 0.8974 0.90365 0.91609 0.9161 0.92396 0.93688 0.92393 0.97748 0.97061
7758.75 0.83679 0.84622 0.85212 0.85721 0.86205 0.88822 0.89415 0.9013 0.90666 0.91886 0.92034 0.92775 0.94045 0.92846 0.98265 0.97457
7759 0.83621 0.84624 0.85262 0.85834 0.86277 0.88858 0.89612 0.90519 0.90966 0.92164 0.92458 0.93155 0.94401 0.93299 0.98783 0.97853
7759.25 0.83593 0.84626 0.85312 0.85946 0.86349 0.88894 0.89808 0.90909 0.91267 0.92441 0.92883 0.93534 0.94757 0.93752 0.993 0.98249
7759.5 0.83729 0.84667 0.85336 0.85954 0.86553 0.88986 0.90015 0.91173 0.91604 0.92745 0.93281 0.93901 0.95138 0.94151 0.99798 0.98645
7759.75 0.83866 0.84709 0.85349 0.85922 0.86817 0.89151 0.90234 0.91357 0.91983 0.93089 0.93631 0.94213 0.95603 0.94424 1.00161 0.99029
7760 0.84003 0.84751 0.85362 0.85891 0.87081 0.89316 0.90454 0.91541 0.92361 0.93433 0.93981 0.94525 0.96068 0.94698 1.00524 0.9941
7760.25 0.84139 0.84793 0.85374 0.85859 0.87345 0.89481 0.90674 0.91725 0.92739 0.93776 0.94331 0.94836 0.96533 0.94971 1.00888 0.9979
7760.5 0.84276 0.84834 0.85387 0.85827 0.8761 0.89646 0.90893 0.91909 0.93117 0.9412 0.94681 0.95148 0.96998 0.95244 1.01251 1.00171
7760.75 0.844 0.84887 0.85401 0.85797 0.87874 0.89811 0.91113 0.92093 0.93495 0.94464 0.95031 0.9546 0.97463 0.95517 1.01615 1.00551
7761 0.8451 0.8497 0.85607 0.86054 0.87992 0.90123 0.91381 0.92551 0.93802 0.94821 0.95374 0.95877 0.97871 0.95841 1.01985 1.00934
7761.25 0.84619 0.85052 0.85813 0.8631 0.88105 0.90491 0.91668 0.93039 0.94087 0.95183 0.95714 0.96412 0.98227 0.962 1.02364 1.01354
7761.5 0.84728 0.85134 0.86019 0.86567 0.88219 0.90859 0.91954 0.93527 0.94372 0.95546 0.96053 0.96946 0.98583 0.96558 1.02744 1.01775
7761.75 0.84837 0.85216 0.86225 0.86824 0.88333 0.91227 0.92241 0.94015 0.94657 0.95908 0.96392 0.97481 0.9894 0.96916 1.03123 1.02195
7762 0.84946 0.85299 0.86431 0.8708 0.88446 0.91595 0.92527 0.94503 0.94942 0.96271 0.96732 0.98015 0.99296 0.97275 1.03502 1.02615
7762.25 0.85133 0.85481 0.8664 0.87356 0.886 0.91962 0.92815 0.9497 0.95233 0.96633 0.97071 0.9855 0.99652 0.97633 1.03881 1.03035
7762.5 0.85349 0.85744 0.86856 0.87678 0.88869 0.92157 0.93184 0.95344 0.95653 0.96986 0.97461 0.9896 1.0012 0.97928 1.04298 1.03434
7762.75 0.85566 0.86006 0.87072 0.88 0.89138 0.92352 0.93553 0.95718 0.96073 0.97339 0.97855 0.9933 1.00615 0.98215 1.04729 1.03791
7763 0.85782 0.86269 0.87289 0.88322 0.89408 0.92547 0.93922 0.96092 0.96493 0.97691 0.98249 0.997 1.01111 0.98501 1.05161 1.04149
7763.25 0.85999 0.86532 0.87505 0.88645 0.89677 0.92742 0.94291 0.96466 0.96913 0.98044 0.98643 1.0007 1.01607 0.98788 1.05593 1.04507
7763.5 0.86217 0.86794 0.87722 0.88967 0.89946 0.92937 0.94661 0.9684 0.97333 0.98396 0.99037 1.0044 1.02102 0.99074 1.06024 1.04865
7763.75 0.8656 0.87093 0.88024 0.89199 0.90297 0.93157 0.95008 0.97194 0.9774 0.98763 0.99436 1.0081 1.02581 0.99366 1.06456 1.05223
7764 0.86902 0.87398 0.88388 0.89365 0.90718 0.93437 0.95306 0.97526 0.98122 0.99171 0.9985 1.01179 1.02883 0.99687 1.06851 1.05622
7764.25 0.87245 0.87704 0.88753 0.89532 0.91138 0.93717 0.95603 0.97858 0.98504 0.99579 1.00265 1.01549 1.03186 1.00007 1.07246 1.06046
7764.5 0.87587 0.88009 0.89118 0.89699 0.91559 0.93997 0.959 0.9819 0.98885 0.99986 1.00679 1.01918 1.03488 1.00327 1.07641 1.06469
7764.75 0.8793 0.88315 0.89483 0.89865 0.91979 0.94277 0.96198 0.98522 0.99267 1.00394 1.01094 1.02288 1.0379 1.00647 1.08036 1.06893
7765 0.88305 0.88635 0.89848 0.90032 0.924 0.94557 0.96495 0.98854 0.99649 1.00802 1.01508 1.02657 1.04092 1.00967 1.0843 1.07316
7765.25 0.88757 0.89057 0.90248 0.90513 0.92708 0.94902 0.96838 0.99202 0.99998 1.01209 1.01876 1.03019 1.04414 1.01273 1.08801 1.0774
7765.5 0.8921 0.8948 0.90655 0.91044 0.92992 0.95294 0.97212 0.99556 1.00328 1.01617 1.02195 1.03364 1.04769 1.01561 1.09105 1.08039
7765.75 0.89663 0.89902 0.91062 0.91576 0.93276 0.95687 0.97587 0.99909 1.00657 1.02024 1.02514 1.03709 1.05124 1.01849 1.09409 1.08328
7766 0.90115 0.90325 0.91469 0.92107 0.9356 0.9608 0.97962 1.00263 1.00986 1.02432 1.02833 1.04055 1.05479 1.02137 1.09714 1.08617
7766.25 0.90568 0.90748 0.91876 0.92639 0.93844 0.96473 0.98337 1.00616 1.01316 1.0284 1.03152 1.044 1.05835 1.02425 1.10018 1.08905
7766.5 0.91021 0.9117 0.92283 0.9317 0.94128 0.96866 0.98712 1.0097 1.01645 1.03247 1.03471 1.04745 1.0619 1.02714 1.10322 1.09194
7766.75 0.91403 0.91599 0.92684 0.9361 0.94472 0.97263 0.99073 1.01297 1.02 1.03626 1.03797 1.05089 1.06542 1.03013 1.10627 1.09482
7767 0.91785 0.92029 0.93081 0.93981 0.94867 0.97674 0.99401 1.01592 1.02406 1.0392 1.04153 1.05392 1.06864 1.03377 1.10984 1.09742
7767.25 0.92167 0.9246 0.93478 0.94351 0.95262 0.98084 0.99729 1.01888 1.02812 1.04215 1.04509 1.05696 1.07186 1.0374 1.11343 1.09983
7767.5 0.9255 0.9289 0.93875 0.94721 0.95657 0.98495 1.00057 1.02183 1.03218 1.04509 1.04865 1.05999 1.07508 1.04104 1.11702 1.10225
7767.75 0.92932 0.9332 0.94272 0.95092 0.96052 0.98905 1.00385 1.02478 1.03625 1.04804 1.05221 1.06303 1.07829 1.04467 1.1206 1.10467
7768 0.93314 0.93751 0.94669 0.95462 0.96447 0.99315 1.00712 1.02773 1.04031 1.05098 1.05577 1.06607 1.08151 1.04831 1.12419 1.10709
7768.25 0.93671 0.94177 0.95062 0.95868 0.96841 0.99726 1.0104 1.03067 1.04431 1.05392 1.05933 1.0691 1.08473 1.05194 1.12778 1.1095
7768.5 0.94018 0.946 0.95446 0.96371 0.97228 1.0008 1.01424 1.03354 1.04616 1.05607 1.06111 1.07139 1.08657 1.05395 1.13013 1.1115
7768.75 0.94365 0.95023 0.9583 0.96874 0.97616 1.00433 1.01808 1.03641 1.04802 1.05818 1.06268 1.07341 1.08801 1.0557 1.13192 1.11262
7769 0.94712 0.95447 0.96214 0.97376 0.98004 1.00787 1.02192 1.03928 1.04987 1.06029 1.06425 1.07543 1.08946 1.05744 1.13371 1.11375
7769.25 0.95058 0.9587 0.96598 0.97879 0.98391 1.0114 1.02576 1.04215 1.05172 1.06241 1.06582 1.07745 1.0909 1.05918 1.1355 1.11487
7769.5 0.95405 0.96293 0.96982 0.98382 0.98779 1.01494 1.0296 1.04502 1.05358 1.06452 1.06739 1.07947 1.09235 1.06092 1.13729 1.116
7769.75 0.95808 0.96702 0.97367 0.98884 0.99167 1.01847 1.03344 1.04789 1.05543 1.06663 1.06897 1.08149 1.09379 1.06266 1.13908 1.11712
7770 0.96293 0.97064 0.97755 0.99052 0.99567 1.02093 1.03586 1.04978 1.05724 1.06819 1.07032 1.08296 1.0951 1.06395 1.14048 1.11826
7770.25 0.96778 0.97427 0.98143 0.9921 0.99969 1.02291 1.03765 1.05152 1.05902 1.06946 1.07152 1.08373 1.09625 1.0649 1.14128 1.11962
7770.5 0.97263 0.97789 0.98531 0.99369 1.0037 1.02489 1.03945 1.05326 1.06081 1.07074 1.07272 1.0845 1.0974 1.06585 1.14209 1.12099
7770.75 0.97748 0.98152 0.9892 0.99528 1.00772 1.02687 1.04125 1.055 1.0626 1.07201 1.07392 1.08527 1.09855 1.06679 1.14289 1.12236
7771 0.98233 0.98514 0.99308 0.99687 1.01173 1.02884 1.04305 1.05674 1.06439 1.07329 1.07513 1.08604 1.0997 1.06774 1.14369 1.12373
7771.25 0.98694 0.98877 0.99697 0.99846 1.01575 1.03082 1.04485 1.05848 1.06618 1.07456 1.07633 1.08681 1.10085 1.06869 1.14449 1.1251
7771.5 0.98957 0.99189 1.00022 1.0009 1.01838 1.03309 1.0465 1.06018 1.06743 1.07543 1.07719 1.08752 1.10174 1.06943 1.14517 1.12647
7771.75 0.99221 0.99498 1.00316 1.00374 1.02024 1.0358 1.04792 1.06186 1.06796 1.07556 1.07726 1.08781 1.10148 1.06959 1.14447 1.12538
7772 0.99484 0.99806 1.00611 1.00658 1.0221 1.03852 1.04935 1.06353 1.0685 1.07569 1.07734 1.0881 1.10123 1.06975 1.14378 1.1234
7772.25 0.99748 1.00115 1.00906 1.00942 1.02396 1.04123 1.05078 1.0652 1.06904 1.07582 1.07741 1.0884 1.10097 1.06991 1.14309 1.12141
7772.5 1.00011 1.00424 1.012 1.01227 1.02582 1.04395 1.0522 1.06687 1.06957 1.07595 1.07749 1.08869 1.10072 1.07007 1.1424 1.11943
7772.75 1.00275 1.00733 1.01495 1.01511 1.02768 1.04666 1.05363 1.06854 1.07011 1.07608 1.07756 1.08898 1.10046 1.07023 1.14171 1.11744
7773 1.00634 1.01124 1.01797 1.01792 1.02962 1.04924 1.05507 1.0699 1.07061 1.07622 1.07763 1.08928 1.10021 1.07039 1.14102 1.11546
7773.25 1.01018 1.01562 1.02112 1.02069 1.03175 1.05031 1.05661 1.07037 1.07084 1.07652 1.07694 1.08871 1.09912 1.0689 1.1392 1.11254
7773.5 1.01401 1.02001 1.02428 1.02346 1.03387 1.05138 1.05816 1.07085 1.07108 1.07683 1.07625 1.08798 1.09792 1.06733 1.13706 1.10839
7773.75 1.01785 1.02439 1.02743 1.02623 1.036 1.05245 1.0597 1.07132 1.07131 1.07713 1.07556 1.08725 1.09672 1.06576 1.13493 1.10424
7774 1.02168 1.02877 1.03058 1.02899 1.03812 1.05352 1.06125 1.07179 1.07155 1.07744 1.07486 1.08652 1.09552 1.06419 1.1328 1.10009
7774.25 1.02551 1.03315 1.03373 1.03176 1.04025 1.0546 1.0628 1.07227 1.07178 1.07774 1.07417 1.08579 1.09432 1.06262 1.13066 1.09594
7774.5 1.02956 1.03689 1.03688 1.03456 1.04238 1.05567 1.06434 1.07274 1.07202 1.07805 1.07348 1.08506 1.09312 1.06105 1.12853 1.09179
7774.75 1.03381 1.03932 1.03988 1.03775 1.0448 1.05668 1.06518 1.07372 1.07173 1.07757 1.07214 1.0841 1.09159 1.05991 1.1267 1.0873
7775 1.03807 1.04176 1.04289 1.04095 1.04723 1.05769 1.06583 1.07473 1.07134 1.07683 1.07053 1.08295 1.08981 1.059 1.1252 1.0804
7775.25 1.04232 1.0442 1.0459 1.04414 1.04965 1.05869 1.06647 1.07573 1.07094 1.0761 1.06891 1.0818 1.08804 1.05809 1.1237 1.0735
7775.5 1.04658 1.04663 1.04891 1.04734 1.05208 1.05969 1.06712 1.07673 1.07054 1.07536 1.0673 1.08065 1.08626 1.05718 1.1222 1.0666
7775.75 1.05083 1.04907 1.05192 1.05053 1.0545 1.06069 1.06777 1.07774 1.07014 1.07463 1.06569 1.0795 1.08449 1.05627 1.1207 1.0597
7776 1.05437 1.0515 1.05492 1.05373 1.05693 1.0617 1.06842 1.07874 1.06975 1.07389 1.06407 1.07835 1.08271 1.05536 1.1192 1.05281
7776.25 1.0549 1.05406 1.05699 1.05568 1.05786 1.06212 1.0688 1.07862 1.06879 1.07291 1.0626 1.07713 1.08097 1.05391 1.11771 1.04591
7776.5 1.05542 1.05662 1.05876 1.05723 1.05822 1.0619 1.06889 1.0779 1.06731 1.07164 1.06133 1.07567 1.07933 1.05144 1.11626 1.04672
7776.75 1.05595 1.05918 1.06052 1.05879 1.05859 1.06169 1.06898 1.07718 1.06583 1.07036 1.06007 1.07421 1.07768 1.04897 1.11482 1.04927
7777 1.05647 1.06174 1.06229 1.06035 1.05895 1.06147 1.06908 1.07646 1.06435 1.06908 1.0588 1.07274 1.07604 1.0465 1.11337 1.05182
7777.25 1.057 1.0643 1.06405 1.06191 1.05931 1.06126 1.06917 1.07573 1.06287 1.06781 1.05754 1.07128 1.07439 1.04402 1.11192 1.05438
7777.5 1.05752 1.06686 1.06582 1.06346 1.05968 1.06104 1.06927 1.07501 1.0614 1.06653 1.05627 1.06982 1.07275 1.04155 1.11048 1.05693
7777.75 1.05865 1.06921 1.06758 1.06502 1.06004 1.06083 1.06936 1.07429 1.05992 1.06525 1.05501 1.06836 1.0711 1.03908 1.10903 1.05948
7778 1.06112 1.07027 1.06814 1.06605 1.06088 1.0609 1.06925 1.07312 1.05887 1.06368 1.05336 1.06677 1.06925 1.03698 1.10702 1.06203
7778.25 1.06358 1.07133 1.06853 1.06701 1.06181 1.06117 1.069 1.07181 1.05809 1.06187 1.05133 1.06491 1.06705 1.03532 1.10362 1.05864
7778.5 1.06605 1.07239 1.06891 1.06797 1.06274 1.06143 1.06876 1.0705 1.0573 1.06006 1.0493 1.06305 1.06486 1.03366 1.10022 1.05482
7778.75 1.06852 1.07345 1.06929 1.06893 1.06368 1.0617 1.06851 1.06919 1.05651 1.05825 1.04727 1.0612 1.06266 1.03201 1.09682 1.05099
7779 1.07099 1.0745 1.06967 1.06988 1.06461 1.06197 1.06826 1.06788 1.05572 1.05644 1.04524 1.05934 1.06047 1.03035 1.09342 1.04717
7779.25 1.07346 1.07556 1.07006 1.07084 1.06554 1.06223 1.06802 1.06657 1.05493 1.05464 1.04321 1.05749 1.05827 1.02869 1.09002 1.04334
7779.5 1.07507 1.0766 1.07044 1.0718 1.06648 1.0625 1.06777 1.06526 1.05415 1.05283 1.04118 1.05563 1.05607 1.02703 1.08662 1.03952
7779.75 1.07549 1.07759 1.07121 1.07201 1.06608 1.06306 1.06731 1.06445 1.05311 1.0519 1.04011 1.05417 1.05448 1.02575 1.08394 1.03582
7780 1.07591 1.07858 1.07199 1.0722 1.06561 1.06374 1.06676 1.0637 1.05199 1.05141 1.03963 1.05318 1.05351 1.02476 1.08235 1.03493
7780.25 1.07633 1.07958 1.07277 1.0724 1.06514 1.06442 1.06621 1.06296 1.05087 1.05092 1.03916 1.0522 1.05254 1.02376 1.08075 1.03404
7780.5 1.07675 1.08057 1.07355 1.0726 1.06468 1.0651 1.06567 1.06222 1.04975 1.05043 1.03868 1.05121 1.05156 1.02276 1.07916 1.03315
7780.75 1.07717 1.08156 1.07433 1.0728 1.06421 1.06578 1.06512 1.06148 1.04863 1.04993 1.0382 1.05022 1.05059 1.02176 1.07756 1.03226
7781 1.07759 1.08255 1.07511 1.073 1.06374 1.06646 1.06457 1.06074 1.04752 1.04944 1.03773 1.04923 1.04961 1.02077 1.07596 1.03137
7781.25 1.07781 1.08313 1.0759 1.07321 1.0633 1.06714 1.06402 1.06 1.0464 1.04895 1.03725 1.04824 1.04864 1.01977 1.07437 1.03048
7781.5 1.07785 1.08299 1.07678 1.07351 1.06328 1.06731 1.06422 1.05921 1.04711 1.04871 1.03652 1.04739 1.0478 1.01912 1.07224 1.0296
7781.75 1.0779 1.08285 1.07767 1.0738 1.06325 1.06736 1.06459 1.05841 1.04814 1.04854 1.03569 1.04663 1.04705 1.01863 1.0696 1.02874
7782 1.07794 1.08271 1.07855 1.07409 1.06323 1.06742 1.06496 1.05762 1.04917 1.04838 1.03486 1.04588 1.04631 1.01814 1.06695 1.02788
7782.25 1.07799 1.08257 1.07943 1.07439 1.06321 1.06747 1.06533 1.05683 1.05021 1.04821 1.03402 1.04512 1.04556 1.01765 1.06431 1.02703
7782.5 1.07803 1.08242 1.08031 1.07468 1.06318 1.06752 1.0657 1.05604 1.05124 1.04805 1.03319 1.04437 1.04481 1.01716 1.06167 1.02617
7782.75 1.07807 1.08228 1.08119 1.07497 1.06316 1.06757 1.06607 1.05525 1.05227 1.04788 1.03236 1.04362 1.04406 1.01667 1.05903 1.02531
7783 1.07865 1.08238 1.082 1.07531 1.06319 1.06762 1.06644 1.05461 1.0533 1.04771 1.03153 1.04286 1.04332 1.01618 1.05638 1.02446
7783.25 1.07955 1.08277 1.08252 1.07584 1.06349 1.06785 1.06636 1.05541 1.05219 1.04687 1.03024 1.04216 1.04275 1.01549 1.05474 1.02374
7783.5 1.08044 1.08315 1.08303 1.07637 1.0638 1.0681 1.06625 1.0562 1.05098 1.04594 1.02886 1.04149 1.04226 1.01473 1.05372 1.02343
7783.75 1.08134 1.08353 1.08355 1.0769 1.06411 1.06835 1.06614 1.057 1.04978 1.045 1.02747 1.04081 1.04177 1.01398 1.0527 1.02312
7784 1.08223 1.08392 1.08407 1.07743 1.06442 1.06859 1.06603 1.0578 1.04857 1.04407 1.02609 1.04014 1.04128 1.01322 1.05169 1.02281
7784.25 1.08312 1.0843 1.08458 1.07796 1.06472 1.06884 1.06592 1.0586 1.04736 1.04314 1.0247 1.03946 1.04079 1.01246 1.05067 1.02249
7784.5 1.08402 1.08468 1.0851 1.07849 1.06503 1.06909 1.0658 1.0594 1.04615 1.0422 1.02331 1.03879 1.0403 1.01171 1.04966 1.02218
7784.75 1.08504 1.08538 1.08587 1.0792 1.06544 1.06933 1.0657 1.06003 1.04505 1.04127 1.02193 1.03812 1.0398 1.01095 1.04864 1.02187
7785 1.08612 1.08632 1.08725 1.0803 1.06612 1.06966 1.06609 1.05999 1.04564 1.04153 1.02219 1.03756 1.03981 1.01004 1.04693 1.02147
7785.25 1.08719 1.08726 1.08863 1.08141 1.06679 1.06999 1.06648 1.05995 1.04622 1.0418 1.02257 1.03705 1.03992 1.0091 1.04495 1.02089
7785.5 1.08827 1.08819 1.09 1.08251 1.06747 1.07032 1.06687 1.05991 1.04681 1.04208 1.02295 1.03653 1.04004 1.00816 1.04297 1.02032
7785.75 1.08934 1.08913 1.09138 1.08362 1.06815 1.07064 1.06726 1.05987 1.0474 1.04235 1.02333 1.03602 1.04015 1.00722 1.04098 1.01975
7786 1.09042 1.09007 1.09276 1.08472 1.06883 1.07097 1.06765 1.05983 1.04798 1.04263 1.02371 1.0355 1.04027 1.00629 1.039 1.01917
7786.25 1.09149 1.09101 1.09413 1.08583 1.06951 1.0713 1.06804 1.05979 1.04857 1.0429 1.02409 1.03499 1.04038 1.00535 1.03702 1.0186
7786.5 1.0922 1.09161 1.09508 1.08676 1.0699 1.07155 1.0684 1.05978 1.04896 1.04307 1.02444 1.03447 1.0405 1.00441 1.03503 1.01802
7786.75 1.09283 1.09205 1.09537 1.08745 1.06981 1.07125 1.06863 1.05983 1.04829 1.0422 1.02388 1.03417 1.04007 1.00461 1.03543 1.01792
7787 1.09347 1.09248 1.09566 1.08814 1.06971 1.07095 1.06886 1.05987 1.04763 1.04132 1.02331 1.0339 1.03958 1.00483 1.03636 1.01837
7787.25 1.0941 1.09292 1.09595 1.08883 1.06961 1.07065 1.06909 1.05992 1.04697 1.04044 1.02275 1.03363 1.0391 1.00505 1.0373 1.01881
7787.5 1.09473 1.09336 1.09624 1.08952 1.06951 1.07035 1.06932 1.05996 1.04631 1.03957 1.02219 1.03335 1.03861 1.00526 1.03823 1.01926
7787.75 1.09536 1.09379 1.09654 1.09021 1.06942 1.07005 1.06954 1.06001 1.04565 1.03869 1.02163 1.03308 1.03813 1.00548 1.03916 1.01971
7788 1.096 1.09423 1.09683 1.0909 1.06932 1.06975 1.06977 1.06005 1.04499 1.03781 1.02107 1.03281 1.03765 1.0057 1.0401 1.02015
7788.25 1.09585 1.09506 1.09696 1.09097 1.06935 1.06944 1.06978 1.05964 1.04434 1.03698 1.0205 1.03254 1.03716 1.00592 1.04103 1.0206
7788.5 1.09565 1.09601 1.09694 1.09044 1.06952 1.06911 1.06899 1.05853 1.0437 1.03634 1.01988 1.03185 1.03589 1.00618 1.03967 1.02049
7788.75 1.09544 1.09696 1.09691 1.08991 1.06969 1.06878 1.0682 1.05741 1.04307 1.03569 1.01927 1.03114 1.03463 1.00644 1.03808 1.01994
7789 1.09524 1.09791 1.09689 1.08938 1.06986 1.06844 1.06742 1.0563 1.04243 1.03505 1.01865 1.03043 1.03337 1.0067 1.0365 1.01939
7789.25 1.09503 1.09887 1.09686 1.08885 1.07003 1.06811 1.06663 1.05518 1.0418 1.03441 1.01803 1.02972 1.03211 1.00697 1.03492 1.01884
7789.5 1.09483 1.09982 1.09684 1.08832 1.0702 1.06778 1.06584 1.05407 1.04116 1.03377 1.01742 1.02901 1.03085 1.00723 1.03333 1.01829
7789.75 1.09462 1.10077 1.09681 1.08779 1.07037 1.06744 1.06506 1.05295 1.04053 1.03312 1.0168 1.0283 1.02959 1.00749 1.03175 1.01774
7790 1.09502 1.10153 1.09679 1.08727 1.07054 1.06711 1.06427 1.05184 1.03989 1.03248 1.01619 1.02759 1.02832 1.00775 1.03016 1.01719
7790.25 1.09618 1.10182 1.0971 1.08741 1.07138 1.06694 1.06388 1.05145 1.03895 1.03189 1.01588 1.02689 1.02736 1.00772 1.0285 1.0165
7790.5 1.09733 1.1021 1.09741 1.08755 1.07224 1.06684 1.06363 1.05114 1.0379 1.03132 1.01574 1.0262 1.02667 1.00749 1.02674 1.01403
7790.75 1.09848 1.10239 1.09772 1.08769 1.0731 1.06673 1.06339 1.05082 1.03686 1.03075 1.01561 1.02551 1.02598 1.00726 1.02497 1.01155
7791 1.09963 1.10267 1.09804 1.08783 1.07395 1.06662 1.06314 1.05051 1.03582 1.03018 1.01547 1.02482 1.02529 1.00703 1.02321 1.00907
7791.25 1.10078 1.10296 1.09835 1.08797 1.07481 1.06652 1.0629 1.05019 1.03478 1.02961 1.01534 1.02413 1.02461 1.00681 1.02144 1.0066
7791.5 1.10193 1.10324 1.09866 1.08811 1.07567 1.06641 1.06265 1.04988 1.03374 1.02904 1.0152 1.02344 1.02392 1.00658 1.01968 1.00412
7791.75 1.10309 1.10353 1.09897 1.08825 1.07652 1.06631 1.0624 1.04957 1.0327 1.02848 1.01507 1.02275 1.02323 1.00635 1.01791 1.00165
7792 1.1036 1.10386 1.09992 1.08887 1.07708 1.06614 1.06216 1.04967 1.03207 1.02782 1.01487 1.02207 1.02252 1.00602 1.01615 0.99917
7792.25 1.10408 1.10421 1.10144 1.08993 1.07734 1.06581 1.06195 1.05035 1.03247 1.02684 1.01437 1.02089 1.0214 1.00493 1.01523 0.99669
7792.5 1.10457 1.10456 1.10296 1.09098 1.0776 1.06548 1.06173 1.05102 1.03288 1.02587 1.01386 1.01971 1.02027 1.00384 1.01437 0.9942
7792.75 1.10506 1.10491 1.10448 1.09204 1.07786 1.06514 1.06152 1.0517 1.03328 1.02489 1.01336 1.01853 1.01915 1.00275 1.01351 0.99172
7793 1.10555 1.10526 1.106 1.09309 1.07812 1.06481 1.06131 1.05237 1.03368 1.02392 1.01285 1.01736 1.01803 1.00166 1.01265 0.98923
7793.25 1.10603 1.10561 1.10752 1.09414 1.07838 1.06448 1.06109 1.05305 1.03409 1.02294 1.01234 1.01618 1.0169 1.00057 1.01179 0.98675
7793.5 1.10652 1.10596 1.10904 1.0952 1.07864 1.06415 1.06088 1.05372 1.03449 1.02197 1.01184 1.015 1.01578 0.99948 1.01092 0.98426
7793.75 1.10678 1.10635 1.11047 1.09622 1.0789 1.06381 1.06066 1.0544 1.03489 1.02099 1.01133 1.01382 1.01466 0.99839 1.01006 0.98178
7794 1.10679 1.10684 1.10946 1.09653 1.07772 1.06367 1.0603 1.05374 1.03332 1.01975 1.01 1.01244 1.0129 0.99742 1.00874 0.97932
7794.25 1.10681 1.10733 1.10845 1.09683 1.07654 1.06358 1.05989 1.05298 1.03124 1.01841 1.00826 1.01084 1.01063 0.99651 1.00685 0.97714
7794.5 1.10682 1.10781 1.10744 1.09714 1.07536 1.0635 1.05947 1.05223 1.02917 1.01707 1.00652 1.00925 1.00836 0.99561 1.00496 0.97495
7794.75 1.10683 1.1083 1.10643 1.09744 1.07418 1.06341 1.05906 1.05148 1.02709 1.01573 1.00478 1.00766 1.00609 0.99471 1.00307 0.97276
7795 1.10684 1.10879 1.10542 1.09775 1.073 1.06332 1.05865 1.05072 1.02501 1.01439 1.00304 1.00607 1.00382 0.99381 1.00118 0.97058
7795.25 1.10685 1.10928 1.10442 1.09805 1.07182 1.06324 1.05823 1.04997 1.02293 1.01304 1.0013 1.00447 1.00155 0.9929 0.99929 0.96839
7795.5 1.10686 1.10977 1.10341 1.09836 1.07064 1.06315 1.05782 1.04921 1.02085 1.0117 0.99955 1.00288 0.99928 0.992 0.9974 0.9662
7795.75 1.10731 1.10966 1.10235 1.09818 1.06978 1.06274 1.05729 1.04747 1.01897 1.01027 0.99788 1.00128 0.99706 0.99092 0.99551 0.96402
7796 1.10777 1.10941 1.10124 1.0976 1.06924 1.06141 1.05642 1.04448 1.01753 1.00853 0.99652 0.99937 0.9958 0.98867 0.99192 0.96398
7796.25 1.10823 1.10917 1.10014 1.09702 1.06869 1.06008 1.05556 1.04148 1.01608 1.00679 0.99516 0.99746 0.99453 0.98641 0.98826 0.96534
7796.5 1.10869 1.10892 1.09904 1.09644 1.06815 1.05875 1.05469 1.03849 1.01464 1.00505 0.99379 0.99554 0.99327 0.98416 0.9846 0.96671
7796.75 1.10915 1.10868 1.09793 1.09586 1.0676 1.05742 1.05383 1.03549 1.01319 1.00331 0.99243 0.99363 0.992 0.98191 0.98094 0.96808
7797 1.10961 1.10843 1.09683 1.09528 1.06706 1.05609 1.05296 1.0325 1.01175 1.00157 0.99107 0.99172 0.99074 0.97965 0.97727 0.96944
7797.25 1.11007 1.10819 1.09573 1.09471 1.06651 1.05476 1.0521 1.0295 1.01031 0.99983 0.98971 0.9898 0.98947 0.9774 0.97361 0.97081
7797.5 1.11002 1.10788 1.09466 1.09414 1.06598 1.05343 1.05123 1.02651 1.00886 0.99809 0.98835 0.98789 0.98821 0.97515 0.96995 0.97218
7797.75 1.10945 1.10743 1.09427 1.09384 1.06624 1.05296 1.05021 1.02533 1.00734 0.99694 0.98704 0.98632 0.9866 0.97335 0.96796 0.97302
7798 1.10888 1.10699 1.09388 1.09354 1.0665 1.05274 1.04915 1.02426 1.0058 0.99601 0.98576 0.98508 0.98473 0.97181 0.9679 0.96958
7798.25 1.1083 1.10654 1.09349 1.09324 1.06676 1.05253 1.04809 1.02318 1.00426 0.99507 0.98448 0.98383 0.98286 0.97028 0.96783 0.96613
7798.5 1.10773 1.10609 1.0931 1.09294 1.06702 1.05231 1.04703 1.02211 1.00271 0.99413 0.98319 0.98259 0.98099 0.96874 0.96777 0.96268
7798.75 1.10715 1.10565 1.09272 1.09264 1.06728 1.0521 1.04597 1.02104 1.00117 0.9932 0.98191 0.98134 0.97912 0.9672 0.96771 0.95923
7799 1.10658 1.1052 1.09233 1.09234 1.06754 1.05188 1.04491 1.01997 0.99963 0.99226 0.98063 0.9801 0.97725 0.96567 0.96765 0.95578
7799.25 1.10601 1.10476 1.09194 1.09204 1.0678 1.05167 1.04385 1.0189 0.99809 0.99132 0.97935 0.97885 0.97538 0.96413 0.96759 0.95234
7799.5 1.10593 1.1044 1.09173 1.09134 1.06757 1.05111 1.04266 1.01788 0.99687 0.99027 0.97807 0.9776 0.9736 0.9628 0.96753 0.94889
7799.75 1.10586 1.10406 1.09168 1.09032 1.06686 1.04957 1.04109 1.01693 0.99639 0.9888 0.97678 0.9761 0.97333 0.96283 0.96667 0.94719
7800 1.10579 1.10372 1.09163 1.08929 1.06615 1.04804 1.03953 1.01598 0.99592 0.98734 0.9755 0.97459 0.97306 0.96286 0.96579 0.94663
7800.25 1.10573 1.10338 1.09157 1.08826 1.06545 1.04651 1.03797 1.01502 0.99544 0.98588 0.97422 0.97309 0.97278 0.96289 0.9649 0.94608
7800.5 1.10566 1.10304 1.09152 1.08724 1.06474 1.04498 1.03641 1.01407 0.99496 0.98442 0.97293 0.97158 0.97251 0.96292 0.96401 0.94552
7800.75 1.10559 1.1027 1.09147 1.08621 1.06403 1.04344 1.03485 1.01312 0.99449 0.98295 0.97165 0.97008 0.97224 0.96295 0.96312 0.94496
7801 1.10552 1.10237 1.09141 1.08518 1.06332 1.04191 1.03329 1.01217 0.99401 0.98149 0.97037 0.96857 0.97197 0.96298 0.96223 0.94441
7801.25 1.10474 1.10182 1.09135 1.08414 1.06261 1.04038 1.03172 1.01122 0.99354 0.98003 0.96908 0.96707 0.9717 0.96301 0.96135 0.94385
7801.5 1.10316 1.1008 1.09095 1.0828 1.06154 1.03975 1.03043 1.01069 0.99223 0.97864 0.96819 0.96596 0.97109 0.96229 0.96018 0.94329
7801.75 1.10158 1.09978 1.09056 1.08146 1.06047 1.03941 1.02921 1.01019 0.99071 0.97728 0.96748 0.96524 0.97021 0.96112 0.95867 0.94269
7802 1.1 1.09877 1.09017 1.08011 1.0594 1.03906 1.028 1.00969 0.98919 0.97593 0.96678 0.96452 0.96933 0.95996 0.95716 0.94208
7802.25 1.09842 1.09775 1.08977 1.07877 1.05833 1.03872 1.02678 1.00919 0.98767 0.97457 0.96608 0.9638 0.96845 0.95879 0.95565 0.94148
7802.5 1.09685 1.09673 1.08938 1.07743 1.05726 1.03838 1.02557 1.00869 0.98615 0.97321 0.96537 0.96308 0.96756 0.95762 0.95414 0.94087
7802.75 1.09527 1.09572 1.08899 1.07608 1.05619 1.03804 1.02435 1.00819 0.98463 0.97185 0.96467 0.96236 0.96668 0.95646 0.95263 0.94027
7803 1.09369 1.0947 1.0886 1.07474 1.05512 1.03769 1.02313 1.00769 0.98312 0.97049 0.96396 0.96164 0.9658 0.95529 0.95112 0.93966
7803.25 1.09202 1.09337 1.0882 1.0734 1.05405 1.03735 1.02192 1.0072 0.9816 0.96913 0.96326 0.96092 0.96492 0.95412 0.94961 0.93905
7803.5 1.09021 1.09094 1.08635 1.07138 1.05201 1.03599 1.02033 1.00626 0.98066 0.96808 0.96246 0.95994 0.96396 0.95296 0.94865 0.93843
7803.75 1.0884 1.08851 1.08444 1.06934 1.04989 1.03414 1.01856 1.00524 0.97995 0.96719 0.9616 0.95863 0.9629 0.95179 0.9486 0.93647
7804 1.0866 1.08608 1.08253 1.06729 1.04776 1.0323 1.01679 1.00423 0.97924 0.96631 0.96074 0.95731 0.96184 0.95063 0.94855 0.93451
7804.25 1.08479 1.08366 1.08061 1.06525 1.04564 1.03045 1.01502 1.00321 0.97853 0.96542 0.95988 0.95599 0.96078 0.94946 0.94849 0.93254
7804.5 1.08298 1.08123 1.0787 1.0632 1.04351 1.02861 1.01325 1.00219 0.97782 0.96454 0.95902 0.95468 0.95972 0.9483 0.94844 0.93058
7804.75 1.08117 1.0788 1.07678 1.06116 1.04139 1.02676 1.01149 1.00118 0.97711 0.96365 0.95816 0.95336 0.95866 0.94713 0.94839 0.92862
7805 1.07936 1.07637 1.07487 1.05911 1.03927 1.02491 1.00972 1.00016 0.9764 0.96277 0.9573 0.95204 0.9576 0.94597 0.94834 0.92666
7805.25 1.07762 1.07412 1.07295 1.05707 1.03714 1.02307 1.00795 0.99915 0.9757 0.96188 0.95644 0.95073 0.95654 0.9448 0.94829 0.9247
7805.5 1.07602 1.07302 1.07108 1.05569 1.0353 1.02216 1.00641 0.99766 0.97483 0.96113 0.95562 0.94986 0.95605 0.94422 0.94822 0.92274
7805.75 1.07442 1.07191 1.06922 1.05441 1.03351 1.02192 1.00504 0.99603 0.97386 0.96047 0.95486 0.9499 0.95648 0.94433 0.94809 0.92364
7806 1.07282 1.07081 1.06736 1.05313 1.03172 1.02169 1.00366 0.99439 0.97289 0.95982 0.95409 0.94994 0.95692 0.94444 0.94796 0.92479
7806.25 1.07123 1.06971 1.0655 1.05186 1.02993 1.02145 1.00229 0.99275 0.97193 0.95917 0.95333 0.94998 0.95736 0.94455 0.94784 0.92593
7806.5 1.06963 1.0686 1.06364 1.05058 1.02814 1.02121 1.00091 0.99112 0.97096 0.95851 0.95256 0.95002 0.9578 0.94466 0.94771 0.92707
7806.75 1.06803 1.0675 1.06177 1.0493 1.02636 1.02098 0.99954 0.98948 0.97 0.95786 0.9518 0.95006 0.95824 0.94477 0.94758 0.92821
7807 1.06643 1.06639 1.05991 1.04803 1.02457 1.02074 0.99817 0.98784 0.96903 0.95721 0.95103 0.95011 0.95868 0.94488 0.94745 0.92935
7807.25 1.0646 1.06522 1.05805 1.04675 1.02278 1.0205 0.99679 0.98621 0.96806 0.95655 0.95027 0.95015 0.95911 0.94499 0.94732 0.93049
7807.5 1.06185 1.06225 1.05581 1.04522 1.02173 1.0197 0.99544 0.98539 0.96768 0.95637 0.9499 0.9502 0.9593 0.94503 0.94744 0.93163
7807.75 1.0591 1.05928 1.05346 1.04361 1.02095 1.01831 0.9941 0.98499 0.96783 0.95675 0.95015 0.95031 0.95885 0.94494 0.94862 0.93043
7808 1.05635 1.05631 1.05111 1.04201 1.02016 1.01693 0.99276 0.98459 0.96798 0.95713 0.95039 0.95041 0.9584 0.94485 0.9498 0.92874
7808.25 1.0536 1.05333 1.04875 1.0404 1.01938 1.01554 0.99143 0.98419 0.96812 0.95751 0.95064 0.95052 0.95795 0.94476 0.95098 0.92706
7808.5 1.05084 1.05036 1.0464 1.0388 1.01859 1.01415 0.99009 0.98379 0.96827 0.95789 0.95088 0.95063 0.9575 0.94468 0.95216 0.92537
7808.75 1.04809 1.04739 1.04405 1.03719 1.01781 1.01276 0.98875 0.98339 0.96842 0.95826 0.95113 0.95073 0.95705 0.94459 0.95334 0.92368
7809 1.04534 1.04442 1.04169 1.03559 1.01703 1.01137 0.98742 0.98299 0.96856 0.95864 0.95137 0.95084 0.9566 0.9445 0.95452 0.92199
7809.25 1.04277 1.04144 1.03934 1.03398 1.01624 1.00998 0.98608 0.98259 0.96871 0.95902 0.95162 0.95094 0.95615 0.94441 0.9557 0.92031
7809.5 1.04169 1.03962 1.03739 1.03233 1.01517 1.00883 0.98549 0.98207 0.96878 0.95925 0.95204 0.95108 0.95588 0.94457 0.9569 0.91862
7809.75 1.04062 1.03788 1.03563 1.03065 1.01392 1.00806 0.98606 0.98146 0.96874 0.95919 0.95289 0.95138 0.95643 0.94543 0.95837 0.91998
7810 1.03955 1.03614 1.03388 1.02898 1.01268 1.00728 0.98663 0.98086 0.9687 0.95914 0.95373 0.95168 0.95699 0.9463 0.95984 0.92249
7810.25 1.03848 1.0344 1.03212 1.0273 1.01144 1.00651 0.9872 0.98025 0.96866 0.95908 0.95457 0.95199 0.95754 0.94716 0.96131 0.92499
7810.5 1.03741 1.03265 1.03037 1.02563 1.01019 1.00573 0.98777 0.97965 0.96862 0.95903 0.95541 0.95229 0.9581 0.94803 0.96277 0.9275
7810.75 1.03633 1.03091 1.02861 1.02395 1.00895 1.00496 0.98834 0.97904 0.96857 0.95897 0.95626 0.95259 0.95865 0.94889 0.96424 0.93
7811 1.03526 1.02917 1.02686 1.02227 1.00771 1.00418 0.9889 0.97843 0.96853 0.95892 0.9571 0.9529 0.95921 0.94976 0.96571 0.9325
7811.25 1.03419 1.02743 1.0251 1.0206 1.00646 1.0034 0.98947 0.97783 0.96849 0.95887 0.95794 0.9532 0.95976 0.95063 0.96717 0.93501
7811.5 1.03299 1.02621 1.02372 1.01914 1.00565 1.00251 0.98969 0.9777 0.96873 0.95891 0.95865 0.95354 0.96037 0.95146 0.96864 0.93751
7811.75 1.03179 1.02509 1.02262 1.01784 1.00521 1.00132 0.98902 0.97814 0.96957 0.95925 0.95879 0.95489 0.96159 0.9521 0.96834 0.9393
7812 1.03059 1.02398 1.02152 1.01655 1.00477 1.00013 0.98835 0.97857 0.9704 0.9596 0.95894 0.95624 0.9628 0.95274 0.96801 0.94065
7812.25 1.02939 1.02286 1.02042 1.01526 1.00432 0.99894 0.98768 0.97901 0.97123 0.95994 0.95908 0.95759 0.96402 0.95338 0.96768 0.94201
7812.5 1.02819 1.02175 1.01933 1.01396 1.00388 0.99775 0.98701 0.97944 0.97206 0.96028 0.95923 0.95895 0.96524 0.95401 0.96734 0.94336
7812.75 1.02699 1.02063 1.01823 1.01267 1.00344 0.99656 0.98635 0.97988 0.97289 0.96063 0.95937 0.9603 0.96646 0.95465 0.96701 0.94471
7813 1.02578 1.01952 1.01713 1.01138 1.003 0.99537 0.98568 0.98031 0.97372 0.96097 0.95951 0.96165 0.96767 0.95529 0.96668 0.94606
7813.25 1.02458 1.0184 1.01603 1.01008 1.00256 0.99418 0.98501 0.98075 0.97455 0.96131 0.95966 0.963 0.96889 0.95593 0.96635 0.94742
7813.5 1.02266 1.01728 1.0152 1.00925 1.00217 0.99317 0.98457 0.98107 0.97526 0.96175 0.95987 0.96435 0.97011 0.9566 0.96601 0.94877
7813.75 1.02066 1.01616 1.0147 1.00896 1.00184 0.99303 0.98518 0.98119 0.97557 0.96272 0.96071 0.96544 0.97123 0.9579 0.96584 0.95036
7814 1.01865 1.01504 1.0142 1.00867 1.00152 0.99289 0.98579 0.9813 0.97587 0.9637 0.96156 0.9665 0.97235 0.9592 0.9657 0.95216
7814.25 1.01664 1.01392 1.0137 1.00838 1.00119 0.99275 0.98639 0.98142 0.97618 0.96467 0.96241 0.96757 0.97348 0.96051 0.96555 0.95396
7814.5 1.01464 1.0128 1.0132 1.00809 1.00086 0.99261 0.987 0.98154 0.97648 0.96564 0.96325 0.96863 0.9746 0.96181 0.9654 0.95576
7814.75 1.01263 1.01168 1.01269 1.0078 1.00054 0.99247 0.98761 0.98165 0.97678 0.96662 0.9641 0.9697 0.97572 0.96311 0.96526 0.95756
7815 1.01062 1.01056 1.01219 1.0075 1.00021 0.99233 0.98822 0.98177 0.97709 0.96759 0.96495 0.97076 0.97684 0.96441 0.96511 0.95936
7815.25 1.00862 1.00944 1.01169 1.00721 0.99988 0.99219 0.98882 0.98188 0.97739 0.96857 0.9658 0.97182 0.97796 0.96571 0.96496 0.96117
7815.5 1.00726 1.00816 1.01107 1.00664 0.99945 0.99209 0.98936 0.98211 0.97769 0.96955 0.96664 0.97289 0.97908 0.96701 0.96482 0.96297
7815.75 1.0061 1.00679 1.01022 1.00555 0.99877 0.99261 0.98894 0.98268 0.97792 0.97079 0.96775 0.97387 0.97972 0.96867 0.96763 0.96429
7816 1.00493 1.00541 1.00936 1.00446 0.99809 0.99314 0.98852 0.98325 0.97815 0.97204 0.96887 0.97483 0.98028 0.97036 0.97139 0.9649
7816.25 1.00376 1.00404 1.00851 1.00336 0.99742 0.99366 0.9881 0.98382 0.97838 0.97328 0.96999 0.97579 0.98084 0.97204 0.97514 0.9655
7816.5 1.00259 1.00267 1.00766 1.00227 0.99674 0.99418 0.98768 0.98439 0.97861 0.97452 0.97111 0.97675 0.9814 0.97372 0.9789 0.96611
7816.75 1.00142 1.0013 1.00681 1.00118 0.99607 0.9947 0.98726 0.98496 0.97885 0.97577 0.97222 0.97772 0.98196 0.97541 0.98265 0.96672
7817 1.00025 0.99992 1.00595 1.00008 0.99539 0.99522 0.98684 0.98553 0.97908 0.97701 0.97334 0.97868 0.98252 0.97709 0.98641 0.96733
7817.25 0.99909 0.99855 1.0051 0.99899 0.99471 0.99574 0.98642 0.9861 0.97931 0.97825 0.97446 0.97964 0.98308 0.97878 0.99016 0.96794
7817.5 0.99816 0.99744 1.00424 0.99804 0.994 0.99626 0.986 0.98667 0.97954 0.9795 0.97557 0.9806 0.98364 0.98046 0.99392 0.96855
7817.75 0.99737 0.99661 1.00334 0.99758 0.99312 0.99605 0.98658 0.98718 0.98028 0.98043 0.97704 0.98138 0.98482 0.98129 0.99609 0.96898
7818 0.99657 0.99578 1.00244 0.99711 0.99223 0.99579 0.9872 0.9877 0.98103 0.98133 0.97856 0.98208 0.98621 0.98192 0.99739 0.96899
7818.25 0.99578 0.99494 1.00154 0.99664 0.99135 0.99553 0.98783 0.98822 0.98177 0.98223 0.98008 0.98278 0.98761 0.98255 0.9987 0.96899
7818.5 0.99498 0.99411 1.00064 0.99618 0.99047 0.99528 0.98845 0.98874 0.98252 0.98313 0.98161 0.98348 0.989 0.98318 1 0.96899
7818.75 0.99418 0.99328 0.99974 0.99571 0.98959 0.99502 0.98907 0.98926 0.98327 0.98403 0.98313 0.98418 0.9904 0.98382 1.0013 0.969
7819 0.99339 0.99244 0.99885 0.99525 0.98871 0.99476 0.9897 0.98978 0.98401 0.98493 0.98465 0.98488 0.99179 0.98445 1.0026 0.969
7819.25 0.99259 0.99161 0.99795 0.99478 0.98783 0.9945 0.99032 0.9903 0.98476 0.98583 0.98617 0.98557 0.99318 0.98508 1.0039 0.969
7819.5 0.9918 0.99077 0.99705 0.99431 0.98695 0.99425 0.99094 0.99082 0.98551 0.98673 0.98769 0.98627 0.99458 0.98571 1.0052 0.96901
7819.75 0.99131 0.99096 0.99641 0.99399 0.98667 0.99406 0.99136 0.99142 0.98622 0.98747 0.98904 0.98697 0.99595 0.98639 1.0065 0.96901
7820 0.99084 0.99141 0.99601 0.99379 0.98701 0.99407 0.99118 0.99215 0.98683 0.98763 0.98949 0.98789 0.99683 0.98736 1.00678 0.96973
7820.25 0.99037 0.99187 0.99561 0.99359 0.98736 0.99409 0.99099 0.99288 0.98745 0.98778 0.98994 0.98882 0.99771 0.98833 1.007 0.97094
7820.5 0.98989 0.99232 0.99521 0.9934 0.9877 0.9941 0.9908 0.9936 0.98807 0.98794 0.99039 0.98974 0.99859 0.98931 1.00722 0.97216
7820.75 0.98942 0.99277 0.99481 0.9932 0.98804 0.99412 0.99061 0.99433 0.98868 0.98809 0.99084 0.99066 0.99947 0.99028 1.00744 0.97338
7821 0.98895 0.99322 0.99441 0.993 0.98839 0.99413 0.99042 0.99506 0.9893 0.98824 0.99129 0.99158 1.00036 0.99126 1.00765 0.97459
7821.25 0.98847 0.99367 0.99401 0.9928 0.98873 0.99415 0.99024 0.99578 0.98992 0.9884 0.99173 0.99251 1.00124 0.99223 1.00787 0.97581
7821.5 0.988 0.99412 0.99361 0.9926 0.98907 0.99417 0.99005 0.99651 0.99053 0.98855 0.99218 0.99343 1.00212 0.9932 1.00809 0.97703
7821.75 0.98768 0.99448 0.99321 0.9924 0.98941 0.99418 0.98986 0.99723 0.99115 0.98871 0.99263 0.99435 1.003 0.99418 1.00831 0.97824
7822 0.98782 0.99387 0.99314 0.99237 0.98935 0.99438 0.98999 0.9976 0.99175 0.98906 0.99309 0.99532 1.00379 0.99517 1.00859 0.97946
7822.25 0.98796 0.99327 0.99315 0.99238 0.98918 0.99475 0.99037 0.99781 0.99234 0.98961 0.99355 0.9964 1.00443 0.99618 1.00907 0.98003
7822.5 0.98809 0.99266 0.99316 0.99238 0.989 0.99511 0.99076 0.99803 0.99293 0.99016 0.99401 0.99748 1.00506 0.9972 1.00955 0.98051
7822.75 0.98823 0.99205 0.99317 0.99239 0.98883 0.99548 0.99115 0.99824 0.99352 0.9907 0.99448 0.99856 1.00569 0.99822 1.01003 0.98098
7823 0.98837 0.99145 0.99317 0.99239 0.98866 0.99584 0.99154 0.99846 0.99412 0.99125 0.99494 0.99964 1.00633 0.99923 1.01051 0.98146
7823.25 0.98851 0.99084 0.99318 0.9924 0.98848 0.9962 0.99193 0.99867 0.99471 0.9918 0.9954 1.00072 1.00696 1.00025 1.01099 0.98194
7823.5 0.98864 0.99023 0.99319 0.9924 0.98831 0.99657 0.99231 0.99889 0.9953 0.99234 0.99586 1.0018 1.00759 1.00126 1.01147 0.98242
7823.75 0.98878 0.98963 0.9932 0.99241 0.98814 0.99693 0.9927 0.9991 0.99589 0.99289 0.99633 1.00288 1.00823 1.00228 1.01195 0.9829
7824 0.98848 0.9893 0.9932 0.99235 0.98802 0.99729 0.99309 0.99932 0.99648 0.99344 0.99679 1.00396 1.00886 1.00329 1.01243 0.98338
7824.25 0.9878 0.98942 0.99316 0.99178 0.98863 0.99734 0.99318 0.99925 0.99637 0.99336 0.99744 1.00435 1.00949 1.00403 1.01363 0.98382
7824.5 0.98713 0.98955 0.99312 0.9912 0.98924 0.99731 0.99321 0.99917 0.99615 0.99312 0.99815 1.00423 1.01011 1.00465 1.01549 0.98404
7824.75 0.98646 0.98968 0.99308 0.99063 0.98985 0.99729 0.99325 0.9991 0.99593 0.99288 0.99887 1.0041 1.01073 1.00527 1.01735 0.98427
7825 0.98579 0.98981 0.99303 0.99006 0.99046 0.99726 0.99328 0.99903 0.99571 0.99264 0.99958 1.00398 1.01135 1.00589 1.0192 0.9845
7825.25 0.98512 0.98994 0.99299 0.98949 0.99106 0.99724 0.99331 0.99896 0.9955 0.99241 1.0003 1.00386 1.01198 1.00651 1.02106 0.98472
7825.5 0.98445 0.99007 0.99295 0.98892 0.99167 0.99721 0.99334 0.99888 0.99528 0.99217 1.00101 1.00374 1.0126 1.00712 1.02292 0.98495
7825.75 0.98378 0.9902 0.99291 0.98834 0.99228 0.99719 0.99338 0.99881 0.99506 0.99193 1.00172 1.00361 1.01322 1.00774 1.02478 0.98518
7826 0.9831 0.99032 0.99287 0.98777 0.99289 0.99716 0.99341 0.99874 0.99484 0.99169 1.00244 1.00349 1.01384 1.00836 1.02664 0.9854
7826.25 0.98285 0.99044 0.9926 0.98731 0.99329 0.99709 0.99349 0.99866 0.99467 0.99153 1.00314 1.00337 1.01446 1.00898 1.0285 0.98563
7826.5 0.98268 0.99055 0.99196 0.98702 0.99334 0.99666 0.99391 0.99855 0.99473 0.99221 1.00341 1.00337 1.01361 1.0088 1.02869 0.98607
7826.75 0.98251 0.99067 0.99133 0.98673 0.99338 0.99623 0.99434 0.99844 0.9948 0.9929 1.00368 1.0034 1.01259 1.0086 1.02849 0.98677
7827 0.98234 0.99078 0.9907 0.98644 0.99342 0.9958 0.99477 0.99834 0.99487 0.99358 1.00395 1.00343 1.01158 1.0084 1.02828 0.98748
7827.25 0.98217 0.99089 0.99006 0.98614 0.99346 0.99537 0.9952 0.99823 0.99493 0.99427 1.00422 1.00345 1.01056 1.00821 1.02808 0.98818
7827.5 0.982 0.991 0.98943 0.98585 0.9935 0.99494 0.99563 0.99812 0.995 0.99495 1.00449 1.00348 1.00955 1.00801 1.02788 0.98888
7827.75 0.98183 0.99111 0.9888 0.98556 0.99354 0.99451 0.99606 0.99802 0.99507 0.99564 1.00476 1.0035 1.00853 1.00781 1.02768 0.98958
7828 0.98166 0.99122 0.98816 0.98527 0.99359 0.99408 0.99648 0.99791 0.99513 0.99632 1.00503 1.00353 1.00752 1.00762 1.02747 0.99029
7828.25 0.98159 0.99134 0.98753 0.98498 0.99363 0.99365 0.99691 0.99781 0.9952 0.99701 1.0053 1.00356 1.0065 1.00742 1.02727 0.99099
7828.5 0.98233 0.99116 0.98731 0.98516 0.99376 0.99368 0.99734 0.9981 0.99548 0.99756 1.00552 1.00362 1.00574 1.00741 1.02703 0.99169
7828.75 0.98307 0.99096 0.98729 0.98557 0.99394 0.99441 0.99777 0.99871 0.99605 0.99786 1.00561 1.00393 1.00613 1.00793 1.02643 0.99249
7829 0.98381 0.99076 0.98727 0.98599 0.99412 0.99515 0.99819 0.99931 0.99661 0.99816 1.00571 1.00425 1.00651 1.00844 1.02583 0.99333
7829.25 0.98455 0.99056 0.98725 0.9864 0.9943 0.99589 0.99862 0.99991 0.99718 0.99847 1.0058 1.00456 1.0069 1.00896 1.02523 0.99417
7829.5 0.98529 0.99037 0.98723 0.98681 0.99448 0.99663 0.99905 1.00052 0.99774 0.99877 1.0059 1.00487 1.00729 1.00948 1.02463 0.99501
7829.75 0.98603 0.99017 0.98721 0.98723 0.99466 0.99737 0.99948 1.00112 0.99831 0.99908 1.00599 1.00519 1.00767 1.01 1.02403 0.99585
7830 0.98677 0.98997 0.98719 0.98764 0.99484 0.99811 0.9999 1.00173 0.99887 0.99938 1.00609 1.0055 1.00806 1.01052 1.02343 0.99668
7830.25 0.9875 0.98977 0.98717 0.98805 0.99502 0.99885 1.00033 1.00233 0.99944 0.99968 1.00618 1.00581 1.00845 1.01104 1.02282 0.99752
7830.5 0.9877 0.98961 0.98715 0.98846 0.9952 0.99959 1.00076 1.00293 1 0.99999 1.00628 1.00613 1.00883 1.01156 1.02222 0.99836
7830.75 0.987 0.98959 0.98772 0.98822 0.99474 0.99954 1.00094 1.00264 1.0002 1.00036 1.00576 1.00622 1.00884 1.01168 1.02193 0.9992
7831 0.9863 0.98957 0.98833 0.98794 0.99423 0.99909 1.001 1.00218 1.00023 1.00077 1.0048 1.00601 1.00838 1.01145 1.0222 0.99937
7831.25 0.9856 0.98955 0.98894 0.98766 0.99372 0.99864 1.00105 1.00171 1.00027 1.00118 1.00383 1.00579 1.00793 1.01123 1.02247 0.99954
7831.5 0.9849 0.98953 0.98955 0.98738 0.99321 0.99819 1.00111 1.00125 1.0003 1.00159 1.00286 1.00558 1.00748 1.011 1.02273 0.99971
7831.75 0.9842 0.98952 0.99016 0.9871 0.99269 0.99774 1.00117 1.00078 1.00034 1.002 1.0019 1.00536 1.00702 1.01078 1.023 0.99988
7832 0.9835 0.9895 0.99077 0.98682 0.99218 0.99729 1.00123 1.00032 1.00037 1.0024 1.00093 1.00515 1.00657 1.01055 1.02326 1.00006
7832.25 0.98281 0.98948 0.99138 0.98654 0.99167 0.99684 1.00129 0.99985 1.00041 1.00281 0.99997 1.00493 1.00612 1.01033 1.02353 1.00023
7832.5 0.98211 0.98946 0.99199 0.98626 0.99115 0.99639 1.00135 0.99939 1.00044 1.00322 0.999 1.00472 1.00566 1.01011 1.0238 1.0004
7832.75 0.98182 0.98927 0.99245 0.98616 0.99085 0.99594 1.0014 0.99892 1.00048 1.00363 0.99803 1.0045 1.00521 1.00988 1.02406 1.00057
7833 0.98174 0.9889 0.99236 0.98668 0.99149 0.99576 1.0006 0.99846 1.00031 1.00306 0.99843 1.00465 1.00527 1.01013 1.0237 1.00075
7833.25 0.98167 0.98853 0.99228 0.98721 0.99214 0.99559 0.99975 0.99799 1.00013 1.00239 0.99908 1.00496 1.00552 1.0105 1.02297 1.00092
7833.5 0.9816 0.98817 0.9922 0.98773 0.99278 0.99542 0.9989 0.99753 0.99995 1.00172 0.99973 1.00528 1.00577 1.01087 1.02223 1.00109
7833.75 0.98153 0.9878 0.99212 0.98826 0.99342 0.99526 0.99804 0.99706 0.99978 1.00105 1.00037 1.0056 1.00602 1.01124 1.0215 1.00127
7834 0.98145 0.98743 0.99204 0.98878 0.99406 0.99509 0.99719 0.99659 0.9996 1.00038 1.00102 1.00591 1.00627 1.0116 1.02077 1.00144
7834.25 0.98138 0.98706 0.99195 0.98931 0.9947 0.99492 0.99634 0.99613 0.99942 0.99971 1.00167 1.00623 1.00652 1.01197 1.02004 1.00161
7834.5 0.98131 0.98669 0.99187 0.98983 0.99535 0.99475 0.99548 0.99566 0.99925 0.99904 1.00231 1.00655 1.00677 1.01234 1.0193 1.00179
7834.75 0.98123 0.98633 0.99179 0.99035 0.99599 0.99459 0.99463 0.99519 0.99907 0.99836 1.00296 1.00686 1.00702 1.01271 1.01857 1.00196
7835 0.98135 0.98604 0.99171 0.99088 0.99663 0.99442 0.99378 0.99473 0.99889 0.99769 1.00361 1.00718 1.00727 1.01307 1.01784 1.00214
7835.25 0.98183 0.98616 0.99151 0.99066 0.99612 0.99442 0.99321 0.995 0.99873 0.99745 1.0041 1.00738 1.00722 1.01295 1.01697 1.00231
7835.5 0.98231 0.98629 0.99129 0.99036 0.99542 0.99453 0.99281 0.99546 0.99858 0.99751 1.00447 1.00739 1.00675 1.0123 1.01583 1.00186
7835.75 0.98279 0.98641 0.99107 0.99005 0.99472 0.99464 0.99242 0.99592 0.99842 0.99757 1.00483 1.0074 1.00628 1.01165 1.01468 1.00137
7836 0.98327 0.98654 0.99085 0.98975 0.99402 0.99474 0.99202 0.99637 0.99827 0.99763 1.0052 1.00741 1.00581 1.011 1.01353 1.00089
7836.25 0.98375 0.98666 0.99064 0.98944 0.99332 0.99485 0.99163 0.99683 0.99811 0.99769 1.00556 1.00741 1.00534 1.01035 1.01238 1.00041
7836.5 0.98423 0.98679 0.99042 0.98914 0.99263 0.99496 0.99123 0.99729 0.99796 0.99775 1.00593 1.00742 1.00487 1.0097 1.01123 0.99993
7836.75 0.98471 0.98691 0.9902 0.98884 0.99193 0.99507 0.99084 0.99775 0.99781 0.99781 1.00629 1.00743 1.0044 1.00905 1.01008 0.99944
7837 0.9852 0.98704 0.98999 0.98853 0.99123 0.99517 0.99044 0.99821 0.99765 0.99787 1.00666 1.00744 1.00393 1.0084 1.00893 0.99896
7837.25 0.98568 0.98716 0.98977 0.98823 0.99053 0.99528 0.99005 0.99867 0.9975 0.99793 1.00702 1.00745 1.00346 1.00775 1.00778 0.99848
7837.5 0.98593 0.98713 0.98971 0.98841 0.99053 0.99527 0.99012 0.99908 0.9973 0.99817 1.00722 1.00747 1.00306 1.00724 1.00663 0.99799
7837.75 0.98618 0.98707 0.98976 0.98894 0.9911 0.99495 0.9913 0.99943 0.99702 0.99892 1.00675 1.008 1.00344 1.00745 1.00558 0.99785
7838 0.98643 0.98702 0.98981 0.98946 0.99168 0.99464 0.99249 0.99978 0.99673 0.99968 1.00628 1.00852 1.00381 1.00766 1.00453 0.9979
7838.25 0.98668 0.98696 0.98986 0.98999 0.99226 0.99432 0.99367 1.00013 0.99645 1.00043 1.0058 1.00904 1.00419 1.00788 1.00348 0.99795
7838.5 0.98693 0.9869 0.98991 0.99052 0.99284 0.99401 0.99485 1.00048 0.99617 1.00118 1.00533 1.00956 1.00457 1.00809 1.00243 0.998
7838.75 0.98718 0.98684 0.98996 0.99105 0.99342 0.9937 0.99604 1.00083 0.99588 1.00194 1.00486 1.01008 1.00495 1.0083 1.00138 0.99804
7839 0.98743 0.98679 0.99001 0.99158 0.99399 0.99338 0.99722 1.00117 0.9956 1.00269 1.00439 1.01061 1.00532 1.00852 1.00033 0.99809
7839.25 0.98768 0.98673 0.99006 0.99211 0.99457 0.99307 0.9984 1.00152 0.99532 1.00345 1.00392 1.01113 1.0057 1.00873 0.99928 0.99814
7839.5 0.98793 0.98667 0.99011 0.99264 0.99515 0.99275 0.99958 1.00187 0.99503 1.0042 1.00345 1.01165 1.00608 1.00894 0.99822 0.99819
7839.75 0.98791 0.98681 0.99023 0.99296 0.99558 0.99244 1.00077 1.00223 0.99475 1.00495 1.00298 1.01217 1.00645 1.00916 0.99717 0.99824
7840 0.98774 0.98714 0.99059 0.99265 0.99543 0.99295 1.0005 1.00263 0.99496 1.00537 1.00312 1.01227 1.00692 1.00975 0.99801 0.99849
7840.25 0.98758 0.98747 0.99095 0.99235 0.99528 0.99349 1.00019 1.00302 0.99517 1.00577 1.00334 1.01218 1.00742 1.01043 0.99982 0.99921
7840.5 0.98742 0.9878 0.9913 0.99204 0.99513 0.99404 0.99987 1.00342 0.99538 1.00617 1.00356 1.0121 1.00792 1.0111 1.00164 0.99993
7840.75 0.98726 0.98812 0.99166 0.99173 0.99498 0.99458 0.99956 1.00382 0.99559 1.00656 1.00378 1.01201 1.00842 1.01178 1.00346 1.00065
7841 0.98709 0.98845 0.99202 0.99142 0.99483 0.99513 0.99924 1.00422 0.99581 1.00696 1.00401 1.01193 1.00892 1.01246 1.00528 1.00137
7841.25 0.98693 0.98878 0.99238 0.99111 0.99469 0.99567 0.99892 1.00461 0.99602 1.00735 1.00423 1.01185 1.00942 1.01313 1.00709 1.00209
7841.5 0.98677 0.98911 0.99274 0.99081 0.99454 0.99622 0.99861 1.00501 0.99623 1.00775 1.00445 1.01176 1.00992 1.01381 1.00891 1.00281
7841.75 0.98661 0.98944 0.99309 0.9905 0.99439 0.99676 0.99829 1.00541 0.99644 1.00815 1.00467 1.01168 1.01042 1.01448 1.01073 1.00353
7842 0.9868 0.98971 0.99345 0.99019 0.99424 0.99731 0.99797 1.00581 0.99665 1.00854 1.0049 1.01159 1.01092 1.01516 1.01255 1.00425
7842.25 0.98769 0.98971 0.99368 0.99093 0.99422 0.99793 0.99811 1.00612 0.99722 1.00855 1.00521 1.0115 1.01116 1.01548 1.01365 1.00497
7842.5 0.98858 0.98971 0.99389 0.99177 0.99422 0.9986 0.99852 1.0064 0.99796 1.00828 1.00561 1.01138 1.01103 1.01545 1.01324 1.00547
7842.75 0.98947 0.98971 0.9941 0.99261 0.99423 0.99927 0.99893 1.00669 0.9987 1.00801 1.006 1.01127 1.0109 1.01541 1.01283 1.00597
7843 0.99036 0.9897 0.99431 0.99345 0.99423 0.99994 0.99934 1.00698 0.99944 1.00774 1.0064 1.01116 1.01078 1.01538 1.01242 1.00647
7843.25 0.99125 0.9897 0.99453 0.9943 0.99423 1.00061 0.99975 1.00727 1.00018 1.00747 1.00679 1.01104 1.01065 1.01534 1.01201 1.00697
7843.5 0.99214 0.9897 0.99474 0.99514 0.99423 1.00128 1.00016 1.00755 1.00093 1.0072 1.00719 1.01093 1.01052 1.01531 1.01159 1.00747
7843.75 0.99303 0.9897 0.99495 0.99598 0.99424 1.00195 1.00057 1.00784 1.00167 1.00693 1.00758 1.01081 1.01039 1.01527 1.01118 1.00797
7844 0.99392 0.98969 0.99516 0.99682 0.99424 1.00262 1.00098 1.00813 1.00241 1.00667 1.00798 1.0107 1.01026 1.01524 1.01077 1.00847
7844.25 0.99481 0.98969 0.99538 0.99767 0.99424 1.00329 1.00139 1.00842 1.00315 1.0064 1.00837 1.01058 1.01014 1.0152 1.01036 1.00897
7844.5 0.99447 0.98988 0.99539 0.99769 0.99436 1.00364 1.00155 1.00854 1.00367 1.00618 1.00867 1.01048 1.01004 1.0152 1.00995 1.00947
7844.75 0.99413 0.99011 0.99526 0.99707 0.99458 1.00316 1.00106 1.00848 1.00371 1.0061 1.00858 1.01078 1.01036 1.01534 1.01119 1.00961
7845 0.99379 0.99034 0.99512 0.99646 0.9948 1.00268 1.00057 1.00842 1.00375 1.00603 1.00848 1.01108 1.01067 1.01549 1.01248 1.00953
