	mixture
6520	0,0347830528436191
6520,25062656642	0,0341729411842041
6520,50125313283	0,033562829524789
6520,75187969925	0,0329527178653739
6521,00250626566	0,0323405992953049
6521,25313283208	0,0313964186670499
6521,5037593985	0,0304521156842417
6521,75438596491	0,0295078127014335
6522,00501253133	0,0285955738278468
6522,25563909774	0,0292544763061389
6522,50626566416	0,029913378784431
6522,75689223058	0,0305722812627231
6523,00751879699	0,031192390112801
6523,25814536341	0,0305581716506037
6523,50877192982	0,0299239531884063
6523,75939849624	0,029289734726209
6524,01002506266	0,0286822691579433
6524,26065162907	0,0286562092302204
6524,51127819549	0,0287471103985195
6524,7619047619	0,0288584997413415
6525,01253132832	0,0289336995465694
6525,26315789474	0,0283747881375117
6525,51378446115	0,027815876728454
6525,76441102757	0,0272569653193963
6526,01503759398	0,0267306145599634
6526,2656641604	0,0266805428074897
6526,51629072682	0,026630471055016
6526,76691729323	0,0265338056318013
6527,01754385965	0,0263889556539408
6527,26817042606	0,0268145126150067
6527,51879699248	0,0272400695760726
6527,7694235589	0,0276656265371385
6528,02005012531	0,027998345296
6528,27067669173	0,0272601263572386
6528,52130325815	0,0265219074184771
6528,77192982456	0,0257836884797156
6529,02255639098	0,0251250055534282
6529,27318295739	0,0253562844968566
6529,52380952381	0,0255875176519909
6529,77443609023	0,0258187508071251
6530,02506265664	0,0259876167869607
6530,27568922306	0,0255103735670096
6530,52631578947	0,0250331303470584
6530,77694235589	0,0246556832170311
6531,02756892231	0,0243980700596607
6531,27819548872	0,0242833490451405
6531,52882205514	0,0241686280306204
6531,77944862155	0,0240539070161002
6532,03007518797	0,024060474135915
6532,28070175439	0,0253522319264232
6532,5313283208	0,0268214912958234
6532,78195488722	0,0282907506652289
6533,03258145363	0,0296775787795223
6533,28320802005	0,0300550195659904
6533,53383458647	0,0304285045510646
6533,78446115288	0,0308019895361388
6534,0350877193	0,0311336880385551
6534,28571428571	0,0310106557055989
6534,53634085213	0,0308880359020681
6534,78696741855	0,0307654160985373
6535,03759398496	0,0308014494075012
6535,28822055138	0,0326096207989395
6535,53884711779	0,0364703092086888
6535,78947368421	0,0378345924807463
6536,04010025063	0,0364648179151057
6536,29072681704	0,0399984683735917
6536,54135338346	0,0414318099784319
6536,79197994988	0,0434686741381678
6537,04260651629	0,0461040281460586
6537,29323308271	0,0503970599101967
6537,54385964912	0,0542703030871546
6537,79448621554	0,0597564401521145
6538,04511278196	0,0657177356116599
6538,29573934837	0,0728880308000678
6538,54636591479	0,0852841168564226
6538,7969924812	0,101329777031851
6539,04761904762	0,119019420833083
6539,29824561404	0,134384338161827
6539,54887218045	0,153802651583052
6539,79949874687	0,172103657742241
6540,05012531328	0,188143090137506
6540,3007518797	0,204590561097938
6540,55137844612	0,213688945991565
6540,80200501253	0,222923397529773
6541,05263157895	0,233355473861764
6541,30325814536	0,240574315528224
6541,55388471178	0,251561059659366
6541,8045112782	0,264684767137777
6542,05513784461	0,280994562903185
6542,30576441103	0,300664595319826
6542,55639097744	0,315107193298766
6542,80701754386	0,334594010074611
6543,05764411028	0,358933215549801
6543,30827067669	0,386939995044718
6543,55889724311	0,41376693798585
6543,80952380952	0,443196653162761
6544,06015037594	0,474151372156837
6544,31077694236	0,505476692733568
6544,56140350877	0,53526685492285
6544,81203007519	0,560314720201126
6545,0626566416	0,582111207616349
6545,31328320802	0,599512660923493
6545,56390977444	0,61774949578233
6545,81453634085	0,630163146826759
6546,06516290727	0,640016333394846
6546,31578947368	0,65388400676316
6546,5664160401	0,662842704458147
6546,81704260652	0,673660550907892
6547,06766917293	0,685201888083672
6547,31829573935	0,69528779699659
6547,56892230576	0,71125226666921
6547,81954887218	0,727037837187406
6548,0701754386	0,741128693486105
6548,32080200501	0,753589888464182
6548,57142857143	0,771244974413479
6548,82205513784	0,787429224795332
6549,07268170426	0,804669124173338
6549,32330827068	0,825632394537918
6549,57393483709	0,846541009487237
6549,82456140351	0,871586985716191
6550,07518796992	0,89746629135031
6550,32581453634	0,919519522851425
6550,57644110276	0,940789955538605
6550,82706766917	0,959709809549851
6551,07769423559	0,976013113845845
6551,328320802	0,987871164847199
6551,57894736842	1,00442492337851
6551,82957393484	1,01766767781748
6552,08020050125	1,03068460084006
6552,33082706767	1,04632798347799
6552,58145363408	1,05568514962744
6552,8320802005	1,06898708294615
6553,08270676692	1,08151797692871
6553,33333333333	1,08828391871821
6553,58395989975	1,10284791435969
6553,83458646617	1,1134525023796
6554,08521303258	1,12208754444999
6554,335839599	1,12978590170805
6554,58646616541	1,1387318872785
6554,83709273183	1,14134455931156
6555,08771929825	1,14097760008778
6555,33834586466	1,13833432822136
6555,58897243108	1,12973297911441
6555,83959899749	1,12069895470247
6556,09022556391	1,11046865865871
6556,34085213033	1,09802414035411
6556,59147869674	1,08694814139569
6556,84210526316	1,07667695635164
6557,09273182957	1,06660342814175
6557,34335839599	1,05579856932222
6557,59398496241	1,04823923680081
6557,84461152882	1,04055811369975
6558,09523809524	1,03476553309797
6558,34586466165	1,03171675345498
6558,59649122807	1,02707651232362
6558,84711779449	1,02304461555951
6559,0977443609	1,01701918344428
6559,34837092732	1,00964755181287
6559,59899749373	1,0147504099895
6559,84962406015	1,01440174280339
6560,10025062657	1,01161847503516
6560,35087719298	1,00818165799672
6560,6015037594	1,00446874241816
6560,85213032581	1,00096487630459
6561,10275689223	0,997792415233773
6561,35338345865	0,994916156763122
6561,60401002506	0,992601864862395
6561,85463659148	0,990592123019338
6562,1052631579	0,98829804995915
6562,35588972431	0,985713304778678
6562,60651629073	0,985124715509205
6562,85714285714	0,98337152015074
6563,10776942356	0,982709084892794
6563,35839598998	0,984176975011481
6563,60902255639	0,986486665490051
6563,85964912281	0,984393977362161
6564,11027568922	0,983011630716066
6564,36090225564	0,985176534325479
6564,61152882206	0,987678567637058
6564,86215538847	0,988969889013209
6565,11278195489	0,991455297822494
6565,3634085213	0,9950414897951
6565,61403508772	0,994676131778101
6565,86466165414	1,00131341910443
6566,11528822055	1,0066523394634
6566,36591478697	1,0096975079564
6566,61654135338	1,01387078282831
6566,8671679198	1,01971885372131
6567,11779448622	1,02413267707651
6567,36842105263	1,02690895297109
6567,61904761905	1,0328546822957
6567,86967418546	1,034399925689
6568,12030075188	1,03499241251669
6568,3709273183	1,03485466643607
6568,62155388471	1,02979189434214
6568,87218045113	1,02770988574132
6569,12280701754	1,02432647684903
6569,37343358396	1,01885861899541
6569,62406015038	1,01454367530217
6569,87468671679	1,00855233293907
6570,12531328321	1,00225266072474
6570,37593984962	0,996864269662655
6570,62656641604	0,994536482108048
6570,87719298246	0,988722373425012
6571,12781954887	0,983149934922529
6571,37844611529	0,978687876818919
6571,6290726817	0,97275562094186
6571,87969924812	0,970993083079051
6572,13032581454	0,968121951082485
6572,38095238095	0,964097569935041
6572,63157894737	0,964653387903947
6572,88220551378	0,961578609337205
6573,1328320802	0,960206465659674
6573,38345864662	0,960559728334032
6573,63408521303	0,96013247381179
6573,88471177945	0,955389670847993
6574,13533834586	0,95609986230765
6574,38596491228	0,959182768576181
6574,6365914787	0,9584486237549
6574,88721804511	0,958210144310505
6575,13784461153	0,959211751542852
6575,38847117794	0,959878332013548
6575,63909774436	0,955057793703939
6575,88972431078	0,957453087468965
6576,14035087719	0,958702257863314
6576,39097744361	0,958994039183372
6576,64160401002	0,960501513755847
6576,89223057644	0,960458237787244
6577,14285714286	0,960564512720726
6577,39348370927	0,960841549330696
6577,64411027569	0,959798393958999
6577,89473684211	0,960099513482652
6578,14536340852	0,958779005807179
6578,39598997494	0,956510380772468
6578,64661654135	0,956144176646476
6578,89724310777	0,956685003078901
6579,14786967419	0,955483881825457
6579,3984962406	0,953420133413517
6579,64912280702	0,952957945015057
6579,89974937343	0,952325556994643
6580,15037593985	0,952129781240188
6580,40100250627	0,952170952080161
6580,65162907268	0,952212122920133
6580,9022556391	0,950949866073246
6581,15288220551	0,948845476934842
6581,40350877193	0,946741087796438
6581,65413533835	0,946581319622199
6581,90476190476	0,947956409211753
6582,15538847118	0,949280813484202
6582,40601503759	0,949890312571711
6582,65664160401	0,949792868823195
6582,90726817043	0,949695425074679
6583,15789473684	0,949440437626837
6583,40852130326	0,948990120834091
6583,65914786967	0,948539804041346
6583,90977443609	0,947401113021291
6584,16040100251	0,945186277036233
6584,41102756892	0,942971441051174
6584,66165413534	0,942421462163365
6584,91228070175	0,943282517796462
6585,16290726817	0,944412359108673
6585,41353383459	0,945317753828965
6585,664160401	0,945980312460624
6585,91478696742	0,946642871092283
6586,16541353383	0,946741885476204
6586,41604010025	0,945853956773076
6586,66666666667	0,944763066361833
6586,91729323308	0,944634561493515
6587,1679197995	0,945893492453888
6587,41854636592	0,94666913495796
6587,66917293233	0,946812703979755
6587,91979949875	0,9455356266791
6588,17042606516	0,944611728404903
6588,42105263158	0,944384138377445
6588,671679198	0,945703719792475
6588,92230576441	0,947023301207506
6589,17293233083	0,948741772498117
6589,42355889724	0,951082185328578
6589,67418546366	0,953422598159039
6589,92481203008	0,956114515691852
6590,17543859649	0,959518740344689
6590,42606516291	0,962922964997526
6590,67669172932	0,966035761989335
6590,92731829574	0,968344805653723
6591,17794486216	0,970614015288746
6591,42857142857	0,972972732385593
6591,67919799499	0,975751036490751
6591,9298245614	0,978529340595909
6592,18045112782	0,981070037152026
6592,43107769424	0,982122656893646
6592,68170426065	0,983176274016057
6592,93233082707	0,984372658205563
6593,18295739348	0,985942369269681
6593,4335839599	0,9875120803338
6593,68421052632	0,989282058359266
6593,93483709273	0,991795045582532
6594,18546365915	0,994313417084371
6594,43609022556	0,996440922402863
6594,68671679198	0,99628948991127
6594,9373433584	0,996138057419677
6595,18796992481	0,996100303297028
6595,43859649123	0,997375557162651
6595,68922305764	0,998650811028273
6595,93984962406	0,998974066842419
6596,19047619048	0,995818537633086
6596,44110275689	0,992663008423753
6596,69172932331	0,98976754574942
6596,94235588972	0,988386609068225
6597,19298245614	0,98702020608757
6597,44360902256	0,985787098335181
6597,69423558897	0,985826245977632
6597,94486215539	0,985865393620084
6598,1954887218	0,985903558126123
6598,44611528822	0,985777194588026
6598,69674185464	0,985650831049929
6598,94736842105	0,985524467511832
6599,19799498747	0,984411310861543
6599,44862155388	0,983246438780855
6599,6992481203	0,982067840174384
6599,94987468672	0,980691237015735
6600,20050125313	0,979314020617478
6600,45112781955	0,977919231500466
6600,70175438596	0,976327215691723
6600,95238095238	0,974733715511336
6601,2030075188	0,973140215330949
6601,45363408521	0,968251412217592
6601,70426065163	0,963076956262047
6601,95488721804	0,957902500306502
6602,20551378446	0,956407939900815
6602,45614035088	0,955770031747712
6602,70676691729	0,955132123594609
6602,95739348371	0,952250781053896
6603,20802005013	0,949312221308073
6603,45864661654	0,946317370387367
6603,70927318296	0,944719631082267
6603,95989974937	0,943290881449797
6604,21052631579	0,941862131817326
6604,46115288221	0,939595940129291
6604,71177944862	0,937149085754779
6604,96240601504	0,934705042009155
6605,21303258145	0,933756833968229
6605,46365914787	0,932875749277214
6605,71428571429	0,931994664586199
6605,9649122807	0,931143238542549
6606,21553884712	0,930296265031178
6606,46616541353	0,929449291519806
6606,71679197995	0,928095725529203
6606,96741854637	0,926612622396489
6607,21804511278	0,925129519263774
6607,4686716792	0,923630668777807
6607,71929824561	0,922125352171946
6607,96992481203	0,920620035566086
6608,22055137845	0,920212688740341
6608,47117794486	0,920026857040638
6608,72180451128	0,919841025340935
6608,97243107769	0,918766241240841
6609,22305764411	0,917391732132046
6609,47368421053	0,916017223023252
6609,72431077694	0,914316544401828
6609,97493734336	0,912460567052721
6610,22556390977	0,910604589703613
6610,47619047619	0,911015207830255
6610,72681704261	0,912025508682099
6610,97744360902	0,913035809533942
6611,22807017544	0,911695410891919
6611,47869674185	0,909378512562057
6611,72932330827	0,907061614232195
6611,97994987469	0,905664288408444
6612,2305764411	0,904834769789229
6612,48120300752	0,904005251170015
6612,73182957394	0,902172823472568
6612,98245614035	0,899393254881876
6613,23308270677	0,896613686291185
6613,48370927318	0,894949722626295
6613,7343358396	0,893878061147971
6613,98496240602	0,892806399669647
6614,23558897243	0,891926541857465
6614,48621553885	0,891194391948762
6614,73684210526	0,89046224204006
6614,98746867168	0,889482272166024
6615,2380952381	0,888230234774453
6615,48872180451	0,886978197382882
6615,73934837093	0,886876539837782
6615,98997493734	0,887545827916431
6616,24060150376	0,888192695372204
6616,49122807018	0,887575891907573
6616,74185463659	0,885713733411989
6616,99248120301	0,883782095035939
6617,24310776942	0,883156578278577
6617,49373433584	0,884556566034174
6617,74436090226	0,885956553789771
6617,99498746867	0,885932298965478
6618,24561403509	0,884627840373749
6618,4962406015	0,883323381782021
6618,74686716792	0,883313692409544
6618,99749373434	0,88501759651038
6619,24812030075	0,886721500611217
6619,49874686717	0,888040152718787
6619,74937343358	0,888604729933525
6620	0,889169307148263
