#Cu crystal, 4 shells                                    Feff  6.01a  potph 4.12
#Abs   Z=29 Rmt= 1.289 Rnm= 1.427 K shell
#Pot 1 Z=29 Rmt= 1.275 Rnm= 1.399
#Gam_ch=1.761E+00 H-L exch
#Mu=-5.493E+00 kf=1.793E+00 Vint=-1.774E+01 Rs_int= 2.023
#S02  1.000   Temp  190.00  Debye temp  315.00           Feff  6.01a ff2chi 2.01
#Curved wave amplitude ratio filter   4.000%
#   file           sig2  cw amp ratio   deg  nlegs  r effective
#feff0001.dat    0.00609    100.00     12.00     2   2.5527
#feff0002.dat    0.00748     22.99      6.00     2   3.6100
#feff0003.dat    0.00685     10.56     48.00     3   3.8290
#feff0004.dat    0.00756      8.67     48.00     3   4.3577
#feff0005.dat    0.00767     55.44     24.00     2   4.4213
#feff0006.dat    0.00772     10.61     48.00     3   4.7633
#feff0007.dat    0.00772     22.03     96.00     3   4.7633
#feff0008.dat    0.00775     18.96     12.00     2   5.1053
#feff0009.dat    0.00775      8.46     12.00     3   5.1053
#feff0010.dat    0.00775     43.81     24.00     3   5.1053
#feff0011.dat    0.00775      8.25     12.00     4   5.1053
#feff0014.dat    0.00775     32.88     12.00     4   5.1053
#  12/  14 paths used
#-------------------------------------------------------------------------------
#     k          chi          mag           phase @#
    -1.4000    3.420629E-01  3.954836E-01  1.044997E+00
    -1.3500    4.133071E-01  4.397779E-01  1.222070E+00
    -1.3000    4.793178E-01  4.882866E-01  1.378836E+00
    -1.2500    5.475919E-01  5.481366E-01  1.526208E+00
    -1.2000    6.215490E-01  6.251293E-01  1.677873E+00
    -1.1500    7.261311E-01  7.794262E-01  1.942740E+00
    -1.1000    7.075698E-01  9.601169E-01  2.313028E+00
    -1.0500    4.239304E-01  1.122328E+00  2.754255E+00
    -1.0000   -1.239552E-01  1.229734E+00  3.242562E+00
    -0.9500   -4.488830E-01  1.046065E+00  3.585106E+00
    -0.9000   -5.884201E-01  8.469739E-01  3.909640E+00
    -0.8500   -5.635143E-01  6.476529E-01  4.196971E+00
    -0.8000   -4.451879E-01  4.666864E-01  4.407678E+00
    -0.7500   -3.792681E-01  3.921505E-01  4.455360E+00
    -0.7000   -3.230383E-01  3.340726E-01  4.454657E+00
    -0.6500   -2.841382E-01  2.976417E-01  4.410013E+00
    -0.6000   -2.666835E-01  2.849323E-01  4.352552E+00
    -0.5500   -2.611277E-01  2.796470E-01  4.346417E+00
    -0.5000   -2.597544E-01  2.783330E-01  4.344950E+00
    -0.4500   -2.623616E-01  2.803803E-01  4.351929E+00
    -0.4000   -2.684881E-01  2.850323E-01  4.370004E+00
    -0.3500   -2.712754E-01  2.864603E-01  4.385330E+00
    -0.3000   -2.746212E-01  2.883104E-01  4.402998E+00
    -0.2500   -2.784362E-01  2.905050E-01  4.423131E+00
    -0.2000   -2.826186E-01  2.929672E-01  4.445806E+00
    -0.1500   -2.825673E-01  2.927070E-01  4.448408E+00
    -0.1000   -2.825660E-01  2.925141E-01  4.450842E+00
    -0.0500   -2.826182E-01  2.923907E-01  4.453118E+00
     0.0000   -2.827271E-01  2.923393E-01  4.455243E+00
     0.0500   -2.850377E-01  2.937438E-01  4.468315E+00
     0.1000   -2.873210E-01  2.951287E-01  4.481857E+00
     0.1500   -2.895687E-01  2.964918E-01  4.495864E+00
     0.2000   -2.917723E-01  2.978316E-01  4.510330E+00
     0.2500   -2.945343E-01  2.992035E-01  4.535493E+00
     0.3000   -2.972452E-01  3.006413E-01  4.561941E+00
     0.3500   -2.998440E-01  3.021156E-01  4.589682E+00
     0.4000   -3.022670E-01  3.035980E-01  4.618716E+00
     0.4500   -3.048237E-01  3.051651E-01  4.665088E+00
     0.5000   -3.067227E-01  3.067230E-01  4.713896E+00
     0.5500   -3.077631E-01  3.081916E-01  4.765129E+00
     0.6000   -3.077457E-01  3.094948E-01  4.818756E+00
     0.6500   -3.055423E-01  3.103360E-01  4.888382E+00
     0.7000   -3.014019E-01  3.109584E-01  4.960949E+00
     0.7500   -2.950476E-01  3.112424E-01  5.036396E+00
     0.8000   -2.862493E-01  3.110776E-01  5.114629E+00
     0.8500   -2.731808E-01  3.104247E-01  5.207275E+00
     0.9000   -2.569002E-01  3.092579E-01  5.302823E+00
     0.9500   -2.373680E-01  3.074446E-01  5.401098E+00
     1.0000   -2.146908E-01  3.048702E-01  5.501884E+00
     1.0500   -1.871670E-01  3.025037E-01  5.616065E+00
     1.1000   -1.564772E-01  2.992186E-01  5.732874E+00
     1.1500   -1.233136E-01  2.949200E-01  5.851804E+00
     1.2000   -8.856034E-02  2.895561E-01  5.972356E+00
     1.2500   -4.998080E-02  2.847311E-01  6.106734E+00
     1.3000   -1.117080E-02  2.786050E-01  6.243079E+00
     1.3500    2.634166E-02  2.711266E-01  6.380495E+00
     1.4000    6.103403E-02  2.623111E-01  6.518016E+00
     1.4500    9.586432E-02  2.539923E-01  6.670205E+00
     1.5000    1.253813E-01  2.442014E-01  6.822367E+00
     1.5500    1.483176E-01  2.330450E-01  6.973051E+00
     1.6000    1.639685E-01  2.207058E-01  7.120620E+00
     1.6500    1.750847E-01  2.085151E-01  7.279868E+00
     1.7000    1.785354E-01  1.954567E-01  7.434811E+00
     1.7500    1.751975E-01  1.818214E-01  7.583225E+00
     1.8000    1.665330E-01  1.679817E-01  7.722555E+00
     1.8500    1.547209E-01  1.547304E-01  7.865051E+00
     1.9000    1.407898E-01  1.421882E-01  7.994344E+00
     1.9500    1.266756E-01  1.308933E-01  8.108528E+00
     2.0000    1.138867E-01  1.213842E-01  8.207290E+00
     2.0500    1.015346E-01  1.130815E-01  8.309828E+00
     2.1000    9.240031E-02  1.085444E-01  8.406382E+00
     2.1500    8.482087E-02  1.073004E-01  8.513155E+00
     2.2000    7.622604E-02  1.081779E-01  8.642868E+00
     2.2500    6.610472E-02  1.099818E-01  8.779962E+00
     2.3000    5.188710E-02  1.115671E-01  8.941058E+00
     2.3500    3.318404E-02  1.121006E-01  9.124254E+00
     2.4000    1.081835E-02  1.109491E-01  9.327115E+00
     2.4500   -1.120000E-02  1.110024E-01  9.525849E+00
     2.5000   -3.366130E-02  1.099129E-01  9.736034E+00
     2.5500   -5.449085E-02  1.074839E-01  9.956441E+00
     2.6000   -7.146686E-02  1.035860E-01  1.018617E+01
     2.6500   -8.531311E-02  1.010915E-01  1.042933E+01
     2.7000   -9.279004E-02  9.763415E-02  1.067925E+01
     2.7500   -9.303503E-02  9.320150E-02  1.093580E+01
     2.8000   -8.599522E-02  8.780823E-02  1.119914E+01
     2.8500   -7.434609E-02  8.473545E-02  1.149597E+01
     2.9000   -5.632029E-02  8.107206E-02  1.179838E+01
     2.9500   -3.409533E-02  7.685180E-02  1.210670E+01
     3.0000   -1.040466E-02  7.212271E-02  1.242160E+01
     3.0500    1.410811E-02  7.040500E-02  1.276812E+01
     3.1000    3.570854E-02  6.840808E-02  1.311556E+01
     3.1500    5.170857E-02  6.613626E-02  1.346400E+01
     3.2000    6.029645E-02  6.359779E-02  1.381355E+01
     3.2500    6.468528E-02  6.470344E-02  1.416086E+01
     3.3000    6.104321E-02  6.538030E-02  1.450345E+01
     3.3500    5.001574E-02  6.562524E-02  1.484135E+01
     3.4000    3.328281E-02  6.544697E-02  1.517447E+01
     3.4500    1.454054E-02  6.668801E-02  1.548816E+01
     3.5000   -5.805611E-03  6.711625E-02  1.579457E+01
     3.5500   -2.505667E-02  6.682014E-02  1.609235E+01
     3.6000   -4.104890E-02  6.592838E-02  1.638006E+01
     3.6500   -5.291602E-02  6.508170E-02  1.665737E+01
     3.7000   -5.934974E-02  6.326248E-02  1.692521E+01
     3.7500   -6.036343E-02  6.066532E-02  1.717895E+01
     3.8000   -5.708932E-02  5.761546E-02  1.741401E+01
     3.8500   -5.076129E-02  5.427604E-02  1.764061E+01
     3.9000   -4.267119E-02  5.062356E-02  1.784688E+01
     3.9500   -3.442866E-02  4.698925E-02  1.802729E+01
     4.0000   -2.727903E-02  4.380020E-02  1.817723E+01
     4.0500   -2.094263E-02  4.090803E-02  1.831211E+01
     4.1000   -1.626577E-02  3.902000E-02  1.841957E+01
     4.1500   -1.284727E-02  3.848465E-02  1.850919E+01
     4.2000   -9.838972E-03  3.946218E-02  1.859757E+01
     4.2500   -6.095993E-03  4.097014E-02  1.870021E+01
     4.3000   -1.276383E-03  4.353154E-02  1.882023E+01
     4.3500    5.256571E-03  4.686469E-02  1.896196E+01
     4.4000    1.377299E-02  5.067113E-02  1.912483E+01
     4.4500    2.361622E-02  5.396405E-02  1.930252E+01
     4.5000    3.435751E-02  5.730826E-02  1.949246E+01
     4.5500    4.519690E-02  6.057120E-02  1.969186E+01
     4.6000    5.517442E-02  6.365853E-02  1.989815E+01
     4.6500    6.289839E-02  6.610807E-02  2.010746E+01
     4.7000    6.804281E-02  6.839121E-02  2.031937E+01
     4.7500    7.006806E-02  7.051390E-02  2.053286E+01
     4.8000    6.865714E-02  7.249536E-02  2.074721E+01
     4.8500    6.356516E-02  7.403487E-02  2.095865E+01
     4.9000    5.524606E-02  7.554434E-02  2.117091E+01
     4.9500    4.393988E-02  7.703664E-02  2.138418E+01
     5.0000    3.002672E-02  7.851295E-02  2.159871E+01
     5.0500    1.409916E-02  7.991384E-02  2.181379E+01
     5.1000   -3.266584E-03  8.128481E-02  2.203135E+01
     5.1500   -2.125299E-02  8.256973E-02  2.225147E+01
     5.2000   -3.886942E-02  8.370379E-02  2.247407E+01
     5.2500   -5.516157E-02  8.455900E-02  2.270182E+01
     5.3000   -6.875594E-02  8.510449E-02  2.293173E+01
     5.3500   -7.857315E-02  8.527096E-02  2.316295E+01
     5.4000   -8.381608E-02  8.500595E-02  2.339443E+01
     5.4500   -8.377049E-02  8.393064E-02  2.362373E+01
     5.5000   -7.900136E-02  8.240467E-02  2.385035E+01
     5.5500   -7.020689E-02  8.047089E-02  2.407255E+01
     5.6000   -5.846633E-02  7.821335E-02  2.428842E+01
     5.6500   -4.488510E-02  7.574931E-02  2.449852E+01
     5.7000   -3.085126E-02  7.328296E-02  2.469821E+01
     5.7500   -1.735325E-02  7.105724E-02  2.488603E+01
     5.8000   -4.921742E-03  6.935747E-02  2.506172E+01
     5.8500    6.361850E-03  6.835244E-02  2.522595E+01
     5.9000    1.700913E-02  6.847685E-02  2.538376E+01
     5.9500    2.777372E-02  6.990084E-02  2.554135E+01
     6.0000    3.937449E-02  7.265729E-02  2.570546E+01
     6.0500    5.225661E-02  7.662928E-02  2.588315E+01
     6.1000    6.606900E-02  8.155271E-02  2.607713E+01
     6.1500    7.971004E-02  8.712494E-02  2.628799E+01
     6.2000    9.138472E-02  9.303785E-02  2.651475E+01
     6.2500    9.886782E-02  9.900230E-02  2.675566E+01
     6.3000    9.991600E-02  1.047586E-01  2.700878E+01
     6.3500    9.275371E-02  1.100795E-01  2.727223E+01
     6.4000    7.653475E-02  1.147686E-01  2.754435E+01
     6.4500    5.167759E-02  1.186596E-01  2.782373E+01
     6.5000    1.999107E-02  1.216135E-01  2.810920E+01
     6.5500   -1.579392E-02  1.231648E-01  2.840292E+01
     6.6000   -5.108909E-02  1.235305E-01  2.870071E+01
     6.6500   -8.157845E-02  1.226676E-01  2.900188E+01
     6.7000   -1.034476E-01  1.205581E-01  2.930584E+01
     6.7500   -1.140391E-01  1.172073E-01  2.961209E+01
     6.8000   -1.123258E-01  1.126429E-01  2.992019E+01
     6.8500   -9.910428E-02  1.069136E-01  3.022971E+01
     6.9000   -7.686642E-02  1.000874E-01  3.054022E+01
     6.9500   -4.936499E-02  9.225053E-02  3.085128E+01
     7.0000   -2.095205E-02  8.350555E-02  3.116231E+01
     7.0500    4.227925E-03  7.382999E-02  3.147322E+01
     7.1000    2.271994E-02  6.355239E-02  3.178152E+01
     7.1500    3.276140E-02  5.282437E-02  3.208492E+01
     7.2000    3.432105E-02  4.180885E-02  3.237892E+01
     7.2500    2.899330E-02  3.068867E-02  3.265278E+01
     7.3000    1.958378E-02  1.971150E-02  3.287282E+01
     7.3500    9.475476E-03  9.545520E-03  3.286551E+01
     7.4000    1.906591E-03  6.253580E-03  3.172574E+01
     7.4500   -6.947137E-04  1.449278E-02  3.136797E+01
     7.5000    2.811935E-03  2.390070E-02  3.153385E+01
     7.5500    1.219789E-02  3.281363E-02  3.179680E+01
     7.6000    2.552109E-02  4.100867E-02  3.208765E+01
     7.6500    4.001359E-02  4.835811E-02  3.239047E+01
     7.7000    5.252806E-02  5.477728E-02  3.269916E+01
     7.7500    6.018989E-02  6.020740E-02  3.301084E+01
     7.8000    6.097350E-02  6.461108E-02  3.332388E+01
     7.8500    5.409013E-02  6.797064E-02  3.363721E+01
     7.9000    4.011797E-02  7.028742E-02  3.395008E+01
     7.9500    2.086064E-02  7.158107E-02  3.426180E+01
     8.0000   -1.024090E-03  7.188894E-02  3.457177E+01
     8.0500   -2.264567E-02  7.132303E-02  3.488062E+01
     8.1000   -4.110494E-02  6.990956E-02  3.518607E+01
     8.1500   -5.428776E-02  6.773519E-02  3.548727E+01
     8.2000   -6.107423E-02  6.490095E-02  3.578320E+01
     8.2500   -6.142615E-02  6.152149E-02  3.607264E+01
     8.3000   -5.626012E-02  5.772459E-02  3.635405E+01
     8.3500   -4.715268E-02  5.365094E-02  3.662560E+01
     8.4000   -3.595502E-02  4.945411E-02  3.688511E+01
     8.4500   -2.440696E-02  4.530020E-02  3.713012E+01
     8.5000   -1.383186E-02  4.136611E-02  3.735817E+01
     8.5500   -4.983636E-03  3.796929E-02  3.756748E+01
     8.6000    2.076950E-03  3.514884E-02  3.775824E+01
     8.6500    7.675499E-03  3.304036E-02  3.793356E+01
     8.7000    1.237597E-02  3.170872E-02  3.810007E+01
     8.7500    1.673177E-02  3.112190E-02  3.826672E+01
     8.8000    2.107562E-02  3.115288E-02  3.844214E+01
     8.8500    2.539857E-02  3.161243E-02  3.863216E+01
     8.9000    2.934256E-02  3.229407E-02  3.883904E+01
     8.9500    3.230041E-02  3.300938E-02  3.906228E+01
     9.0000    3.359084E-02  3.360580E-02  3.929975E+01
     9.0500    3.276684E-02  3.409731E-02  3.955018E+01
     9.1000    2.940992E-02  3.427733E-02  3.980934E+01
     9.1500    2.364409E-02  3.410112E-02  4.007457E+01
     9.2000    1.600536E-02  3.355079E-02  4.034341E+01
     9.2500    7.349410E-03  3.263118E-02  4.061353E+01
     9.3000   -1.314541E-03  3.136682E-02  4.088263E+01
     9.3500   -9.022136E-03  2.979969E-02  4.114829E+01
     9.4000   -1.503636E-02  2.798789E-02  4.140787E+01
     9.4500   -1.897152E-02  2.600497E-02  4.165835E+01
     9.5000   -2.083190E-02  2.394004E-02  4.189625E+01
     9.5500   -2.101896E-02  2.196189E-02  4.211741E+01
     9.6000   -2.002874E-02  2.011682E-02  4.231789E+01
     9.6500   -1.847631E-02  1.854150E-02  4.249538E+01
     9.7000   -1.687241E-02  1.736942E-02  4.265130E+01
     9.7500   -1.550059E-02  1.670049E-02  4.279288E+01
     9.8000   -1.436501E-02  1.656479E-02  4.293274E+01
     9.8500   -1.321925E-02  1.690535E-02  4.308450E+01
     9.9000   -1.166597E-02  1.759749E-02  4.325757E+01
     9.9500   -9.299423E-03  1.848987E-02  4.345529E+01
    10.0000   -5.852500E-03  1.943935E-02  4.367649E+01
    10.0500   -1.314721E-03  2.052640E-02  4.391820E+01
    10.1000    4.160839E-03  2.149237E-02  4.417712E+01
    10.1500    1.003202E-02  2.226483E-02  4.444971E+01
    10.2000    1.554720E-02  2.279184E-02  4.473298E+01
    10.2500    1.989440E-02  2.303845E-02  4.502453E+01
    10.3000    2.237499E-02  2.298388E-02  4.532240E+01
    10.3500    2.256093E-02  2.261939E-02  4.562500E+01
    10.4000    2.039816E-02  2.194658E-02  4.593098E+01
    10.4500    1.623095E-02  2.097606E-02  4.623910E+01
    10.5000    1.074041E-02  1.972631E-02  4.654813E+01
    10.5500    4.810287E-03  1.822273E-02  4.685675E+01
    10.6000   -6.500869E-04  1.649681E-02  4.716331E+01
    10.6500   -4.886134E-03  1.458555E-02  4.746549E+01
    10.7000   -7.441611E-03  1.253142E-02  4.775971E+01
    10.7500   -8.234222E-03  1.038340E-02  4.803964E+01
    10.8000   -7.547909E-03  8.201434E-03  4.829278E+01
    10.8500   -5.945648E-03  6.071471E-03  4.849075E+01
    10.9000   -4.124464E-03  4.162118E-03  4.856007E+01
    10.9500   -2.746996E-03  2.929721E-03  4.833964E+01
    11.0000   -2.288345E-03  3.140832E-03  4.794013E+01
    11.0500   -2.940814E-03  4.492714E-03  4.783751E+01
    11.1000   -4.620896E-03  6.200860E-03  4.796473E+01
    11.1500   -6.952911E-03  7.946782E-03  4.818919E+01
    11.2000   -9.346816E-03  9.614970E-03  4.845796E+01
    11.2500   -1.113223E-02  1.114916E-02  4.874979E+01
    11.3000   -1.171157E-02  1.251491E-02  4.905493E+01
    11.3500   -1.069830E-02  1.368876E-02  4.936835E+01
    11.4000   -8.010234E-03  1.465445E-02  4.968717E+01
    11.4500   -3.897725E-03  1.540149E-02  5.000963E+01
    11.5000    1.098635E-03  1.592441E-02  5.033453E+01
    11.5500    6.250925E-03  1.622239E-02  5.066104E+01
    11.6000    1.078465E-02  1.629897E-02  5.098854E+01
    11.6500    1.402701E-02  1.616173E-02  5.131647E+01
    11.7000    1.553154E-02  1.582198E-02  5.164438E+01
    11.7500    1.515419E-02  1.529442E-02  5.197180E+01
    11.8000    1.306677E-02  1.459677E-02  5.229824E+01
    11.8500    9.708133E-03  1.374937E-02  5.262313E+01
    11.9000    5.685931E-03  1.277470E-02  5.294580E+01
    11.9500    1.652230E-03  1.169704E-02  5.326535E+01
    12.0000   -1.819950E-03  1.054201E-02  5.358058E+01
    12.0500   -4.420277E-03  9.498156E-03  5.389114E+01
    12.1000   -5.950412E-03  8.402108E-03  5.419403E+01
    12.1500   -6.414085E-03  7.277713E-03  5.448575E+01
    12.2000   -6.006900E-03  6.151469E-03  5.476064E+01
    12.2500   -5.052271E-03  5.054721E-03  5.500901E+01
    12.3000   -3.917476E-03  4.028905E-03  5.521361E+01
    12.3500   -2.929234E-03  3.137523E-03  5.534430E+01
    12.4000   -2.306965E-03  2.486854E-03  5.536056E+01
    12.4500   -2.126694E-03  2.218319E-03  5.526628E+01
    12.5000   -2.320926E-03  2.371778E-03  5.518532E+01
    12.5500   -2.711475E-03  2.794833E-03  5.522272E+01
    12.6000   -3.065131E-03  3.312263E-03  5.536661E+01
    12.6500   -3.157683E-03  3.822672E-03  5.557662E+01
    12.7000   -2.831041E-03  4.276558E-03  5.582520E+01
    12.7500   -2.030858E-03  4.649887E-03  5.609668E+01
    12.8000   -8.174371E-04  4.931359E-03  5.638214E+01
    12.8500    6.506713E-04  5.116860E-03  5.667618E+01
    12.9000    2.154709E-03  5.206896E-03  5.697531E+01
    12.9500    3.465166E-03  5.205285E-03  5.727710E+01
    13.0000    4.390595E-03  5.118382E-03  5.757966E+01
    13.0500    4.890882E-03  5.030784E-03  5.788308E+01
    13.1000    4.865330E-03  4.875580E-03  5.818432E+01
    13.1500    4.358154E-03  4.660797E-03  5.848181E+01
    13.2000    3.487842E-03  4.395821E-03  5.877381E+01
    13.2500    2.417195E-03  4.091324E-03  5.905820E+01
    13.3000    1.316955E-03  3.759267E-03  5.933235E+01
    13.3500    3.316132E-04  3.412987E-03  5.959294E+01
    13.4000   -4.451640E-04  3.067389E-03  5.983590E+01
    13.4500   -9.808990E-04  2.739149E-03  6.005650E+01
    13.5000   -1.299537E-03  2.446649E-03  6.025022E+01
    13.5500   -1.464253E-03  2.208914E-03  6.041492E+01
    13.6000   -1.553232E-03  2.042417E-03  6.055432E+01
    13.6500   -1.635061E-03  1.955510E-03  6.068045E+01
    13.7000   -1.749836E-03  1.943490E-03  6.081085E+01
    13.7500   -1.900227E-03  1.989228E-03  6.096079E+01
    13.8000   -2.053865E-03  2.069609E-03  6.113763E+01
    13.8500   -2.155500E-03  2.162463E-03  6.134132E+01
    13.9000   -2.145025E-03  2.250170E-03  6.156796E+01
    13.9500   -1.976227E-03  2.320291E-03  6.181260E+01
    14.0000   -1.631322E-03  2.364875E-03  6.207062E+01
    14.0500   -1.145470E-03  2.419212E-03  6.233861E+01
    14.1000   -5.303988E-04  2.444312E-03  6.261312E+01
    14.1500    1.453252E-04  2.438997E-03  6.289147E+01
    14.2000    8.003459E-04  2.403664E-03  6.317130E+01
    14.2500    1.356927E-03  2.340055E-03  6.345042E+01
    14.3000    1.756043E-03  2.251101E-03  6.372665E+01
    14.3500    1.967664E-03  2.140812E-03  6.399769E+01
    14.4000    1.994060E-03  2.014224E-03  6.426104E+01
    14.4500    1.865765E-03  1.877363E-03  6.451386E+01
    14.5000    1.631626E-03  1.737230E-03  6.475312E+01
    14.5500    1.345742E-03  1.601720E-03  6.497582E+01
    14.6000    1.054695E-03  1.479355E-03  6.517976E+01
    14.6500    7.882006E-04  1.378585E-03  6.536481E+01
    14.7000    5.552631E-04  1.306463E-03  6.553447E+01
    14.7500    3.464154E-04  1.266828E-03  6.569647E+01
    14.8000    1.410012E-04  1.258849E-03  6.586120E+01
    14.8500   -8.278694E-05  1.277050E-03  6.603832E+01
    14.9000   -3.380323E-04  1.312948E-03  6.623384E+01
    14.9500   -6.221472E-04  1.357256E-03  6.644962E+01
    15.0000   -9.147532E-04  1.401527E-03  6.668457E+01
    15.0500   -1.202578E-03  1.465233E-03  6.693615E+01
    15.1000   -1.432929E-03  1.521292E-03  6.720174E+01
    15.1500   -1.562342E-03  1.565705E-03  6.747869E+01
    15.2000   -1.556958E-03  1.595577E-03  6.776471E+01
    15.2500   -1.401393E-03  1.608967E-03  6.805783E+01
    15.3000   -1.103949E-03  1.604749E-03  6.835641E+01
    15.3500   -6.968356E-04  1.582504E-03  6.865906E+01
    15.4000   -2.312198E-04  1.542422E-03  6.896456E+01
    15.4500    2.318614E-04  1.485228E-03  6.927179E+01
    15.5000    6.327329E-04  1.412111E-03  6.957965E+01
    15.5500    9.239962E-04  1.324660E-03  6.988699E+01
    15.6000    1.078760E-03  1.224814E-03  7.019249E+01
    15.6500    1.094474E-03  1.114812E-03  7.049453E+01
    15.7000    9.916668E-04  9.971665E-04  7.079091E+01
    15.7500    8.080780E-04  8.746534E-04  7.107852E+01
    15.8000    5.896442E-04  7.503590E-04  7.135262E+01
    15.8500    3.804846E-04  6.278248E-04  7.160556E+01
    15.9000    2.141251E-04  5.114088E-04  7.182462E+01
    15.9500    1.078191E-04  4.070806E-04  7.198857E+01
    16.0000    6.101345E-05  3.238277E-04  7.206708E+01
    16.0500    5.728134E-05  2.763428E-04  7.204783E+01
    16.1000    7.532987E-05  2.710810E-04  7.197504E+01
    16.1500    8.832933E-05  3.044400E-04  7.196226E+01
    16.2000    7.228998E-05  3.597843E-04  7.205433E+01
    16.2500    1.215765E-05  4.226552E-04  7.222786E+01
    16.3000   -9.445790E-05  4.846589E-04  7.245278E+01
    16.3500   -2.366681E-04  5.412704E-04  7.270916E+01
    16.4000   -3.928118E-04  5.899867E-04  7.298519E+01
    16.4500   -5.353846E-04  6.294064E-04  7.327379E+01
    16.5000   -6.371790E-04  6.587996E-04  7.357053E+01
    16.5500   -6.772098E-04  6.778971E-04  7.387246E+01
    16.6000   -6.451177E-04  6.867784E-04  7.417753E+01
    16.6500   -5.431557E-04  6.858035E-04  7.448415E+01
    16.7000   -3.854498E-04  6.755669E-04  7.479104E+01
    16.7500   -1.948488E-04  6.568616E-04  7.509706E+01
    16.8000    1.806025E-06  6.306472E-04  7.540109E+01
    16.8500    1.788724E-04  5.980231E-04  7.570198E+01
    16.9000    3.164183E-04  5.602018E-04  7.599845E+01
    16.9500    4.031578E-04  5.184858E-04  7.628901E+01
    17.0000    4.373372E-04  4.742457E-04  7.657189E+01
    17.0500    4.348484E-04  4.381368E-04  7.684643E+01
    17.1000    3.970682E-04  4.010198E-04  7.710952E+01
    17.1500    3.369585E-04  3.642070E-04  7.735830E+01
    17.2000    2.677526E-04  3.291177E-04  7.758959E+01
    17.2500    2.002968E-04  2.972575E-04  7.780046E+01
    17.3000    1.413279E-04  2.701415E-04  7.798926E+01
    17.3500    9.295750E-05  2.491091E-04  7.815740E+01
    17.4000    5.333053E-05  2.350125E-04  7.831090E+01
    17.4500    1.815864E-05  2.278844E-04  7.846005E+01
    17.5000   -1.734749E-05  2.268172E-04  7.861637E+01
    17.5500   -5.666828E-05  2.302017E-04  7.878854E+01
    17.6000   -1.007289E-04  2.361828E-04  7.898042E+01
    17.6500   -1.474781E-04  2.430535E-04  7.919181E+01
    17.7000   -1.923284E-04  2.494538E-04  7.942022E+01
    17.7500   -2.292782E-04  2.544092E-04  7.966239E+01
    17.8000   -2.523869E-04  2.572905E-04  7.991506E+01
    17.8500   -2.572109E-04  2.577510E-04  8.017536E+01
    17.9000   -2.418557E-04  2.556669E-04  8.044081E+01
    17.9500   -2.074175E-04  2.510871E-04  8.070930E+01
    18.0000   -1.577563E-04  2.441928E-04  8.097903E+01
    18.0500   -1.003956E-04  2.398159E-04  8.124947E+01
    18.1000   -3.795711E-05  2.338039E-04  8.151834E+01
    18.1500    2.329508E-05  2.264556E-04  8.178446E+01
    18.2000    7.792947E-05  2.181115E-04  8.204678E+01
    18.2500    1.220298E-04  2.091357E-04  8.230444E+01
    18.3000    1.534842E-04  1.998968E-04  8.255684E+01
    18.3500    1.718814E-04  1.907461E-04  8.280371E+01
    18.4000    1.781091E-04  1.819937E-04  8.304522E+01
    18.4500    1.738076E-04  1.738849E-04  8.328202E+01
    18.5000    1.608466E-04  1.665777E-04  8.351528E+01
    18.5500    1.409577E-04  1.601293E-04  8.374656E+01
    18.6000    1.155900E-04  1.544933E-04  8.397767E+01
    18.6500    8.598042E-05  1.495308E-04  8.421040E+01
    18.7000    5.336110E-05  1.450349E-04  8.444623E+01
    18.7500    1.919137E-05  1.407617E-04  8.468624E+01
    18.8000   -1.469987E-05  1.364635E-04  8.493093E+01
    18.8500   -4.613839E-05  1.319159E-04  8.518031E+01
    18.9000   -7.281441E-05  1.269392E-04  8.543392E+01
    18.9500   -9.263254E-05  1.214102E-04  8.569090E+01
    19.0000   -1.041074E-04  1.152681E-04  8.595011E+01
    19.0500   -1.091314E-04  1.109950E-04  8.621029E+01
    19.1000   -1.057429E-04  1.060520E-04  8.647017E+01
    19.1500   -9.492554E-05  1.004834E-04  8.672795E+01
    19.2000   -7.854473E-05  9.438236E-05  8.698154E+01
    19.2500   -5.901439E-05  8.789058E-05  8.722843E+01
    19.3000   -3.885101E-05  8.119984E-05  8.746569E+01
    19.3500   -2.021518E-05  7.455349E-05  8.769001E+01
    19.4000   -4.547024E-06  6.824634E-05  8.789792E+01
    19.4500    7.620333E-06  6.261708E-05  8.808659E+01
    19.5000    1.662834E-05  5.802199E-05  8.825526E+01
    19.5500    2.345456E-05  5.477651E-05  8.840708E+01
    19.6000    2.933214E-05  5.306660E-05  8.855025E+01
    19.6500    3.532610E-05  5.286883E-05  8.869636E+01
    19.7000    4.197546E-05  5.393993E-05  8.885637E+01
    19.7500    4.909285E-05  5.589128E-05  8.903702E+01
    19.8000    5.577306E-05  5.829487E-05  8.924018E+01
    19.8500    6.060846E-05  6.076172E-05  8.946435E+01
    19.9000    6.205678E-05  6.297666E-05  8.970652E+01
    19.9500    5.886776E-05  6.470333E-05  8.996336E+01
    20.0000    5.045990E-05  6.577649E-05  9.023181E+01
