#Cu crystal, 4 shells                                     Feff 6.01l  potph 4.12
#Abs   Z=29 Rmt= 1.289 Rnm= 1.427 K shell
#Pot 1 Z=29 Rmt= 1.275 Rnm= 1.399
#Gam_ch=1.761E+00 H-L exch
#Mu=-5.493E+00 kf=1.793E+00 Vint=-1.774E+01 Rs_int= 2.023
#S02  1.000   Temp  190.00  Debye temp  315.00            Feff 6.01l ff2chi 2.01
#Curved wave amplitude ratio filter   4.000%
#   file           sig2  cw amp ratio   deg  nlegs  r effective
#feff0001.dat    0.00609    100.00     12.00     2   2.5527
#feff0002.dat    0.00748     22.99      6.00     2   3.6100
#feff0003.dat    0.00685     10.56     48.00     3   3.8290
#feff0004.dat    0.00756      8.67     48.00     3   4.3577
#feff0005.dat    0.00767     55.44     24.00     2   4.4213
#feff0006.dat    0.00772     10.61     48.00     3   4.7633
#feff0007.dat    0.00772     22.03     96.00     3   4.7633
#feff0008.dat    0.00775     18.96     12.00     2   5.1053
#feff0009.dat    0.00775      8.46     12.00     3   5.1053
#feff0010.dat    0.00775     43.81     24.00     3   5.1053
#feff0011.dat    0.00775      8.25     12.00     4   5.1053
#feff0014.dat    0.00775     32.88     12.00     4   5.1053
#  12/  14 paths used
#-------------------------------------------------------------------------------
#     k          chi          mag           phase @#
     0.0000   -2.827938E-01  2.923577E-01 -1.827284E+00
     0.0500   -2.850769E-01  2.937513E-01 -1.814420E+00
     0.1000   -2.873359E-01  2.951268E-01 -1.801081E+00
     0.1500   -2.895623E-01  2.964822E-01 -1.787274E+00
     0.2000   -2.917477E-01  2.978155E-01 -1.773003E+00
     0.2500   -2.945365E-01  2.992147E-01 -1.747861E+00
     0.3000   -2.972747E-01  3.006792E-01 -1.721422E+00
     0.3500   -2.999007E-01  3.021794E-01 -1.693681E+00
     0.4000   -3.023504E-01  3.036866E-01 -1.664639E+00
     0.4500   -3.049070E-01  3.052515E-01 -1.618311E+00
     0.5000   -3.068088E-01  3.068090E-01 -1.569545E+00
     0.5500   -3.078547E-01  3.082786E-01 -1.518351E+00
     0.6000   -3.078452E-01  3.095839E-01 -1.464761E+00
     0.6500   -3.055858E-01  3.103798E-01 -1.394810E+00
     0.7000   -3.013689E-01  3.109461E-01 -1.321960E+00
     0.7500   -2.949238E-01  3.111660E-01 -1.246271E+00
     0.8000   -2.860269E-01  3.109316E-01 -1.167833E+00
     0.8500   -2.729744E-01  3.102925E-01 -1.075299E+00
     0.9000   -2.567151E-01  3.091416E-01 -9.798483E-01
     0.9500   -2.372077E-01  3.073455E-01 -8.816595E-01
     1.0000   -2.145571E-01  3.047889E-01 -7.809478E-01
     1.0500   -1.870465E-01  3.024410E-01 -6.667763E-01
     1.1000   -1.563619E-01  2.991721E-01 -5.499549E-01
     1.1500   -1.231953E-01  2.948860E-01 -4.309922E-01
     1.2000   -8.843226E-02  2.895304E-01 -3.103935E-01
     1.2500   -4.987961E-02  2.847347E-01 -1.760878E-01
     1.3000   -1.108365E-02  2.786405E-01 -3.978809E-02
     1.3500    2.642974E-02  2.711947E-01  9.761162E-02
     1.4000    6.113799E-02  2.624114E-01  2.351463E-01
     1.4500    9.592908E-02  2.540322E-01  3.872308E-01
     1.5000    1.253909E-01  2.441930E-01  5.392485E-01
     1.5500    1.482688E-01  2.330006E-01  6.897511E-01
     1.6000    1.638694E-01  2.206382E-01  8.371030E-01
     1.6500    1.750196E-01  2.084760E-01  9.963974E-01
     1.7000    1.785044E-01  1.954414E-01  1.151412E+00
     1.7500    1.751948E-01  1.818243E-01  1.299927E+00
     1.8000    1.665482E-01  1.679965E-01  1.439392E+00
     1.8500    1.547360E-01  1.547456E-01  1.581920E+00
     1.9000    1.408010E-01  1.422014E-01  1.711254E+00
     1.9500    1.266797E-01  1.309022E-01  1.825479E+00
     2.0000    1.138819E-01  1.213867E-01  1.924276E+00
     2.0500    1.015284E-01  1.130706E-01  2.026570E+00
     2.1000    9.241702E-02  1.085386E-01  2.122817E+00
     2.1500    8.487778E-02  1.073183E-01  2.229318E+00
     2.2000    7.632715E-02  1.082329E-01  2.358870E+00
     2.2500    6.619535E-02  1.100478E-01  2.496197E+00
     2.3000    5.195579E-02  1.116349E-01  2.657497E+00
     2.3500    3.322603E-02  1.121634E-01  2.840851E+00
     2.4000    1.083566E-02  1.110023E-01  3.043820E+00
     2.4500   -1.119476E-02  1.110387E-01  3.242583E+00
     2.5000   -3.365881E-02  1.099348E-01  3.452761E+00
     2.5500   -5.448516E-02  1.074944E-01  3.673137E+00
     2.6000   -7.145624E-02  1.035886E-01  3.902816E+00
     2.6500   -8.530783E-02  1.010943E-01  4.145999E+00
     2.7000   -9.278901E-02  9.763696E-02  4.395943E+00
     2.7500   -9.303700E-02  9.320406E-02  4.652507E+00
     2.8000   -8.599901E-02  8.781045E-02  4.915861E+00
     2.8500   -7.435215E-02  8.473833E-02  5.212702E+00
     2.9000   -5.632755E-02  8.107549E-02  5.515107E+00
     2.9500   -3.410263E-02  7.685573E-02  5.823437E+00
     3.0000   -1.041089E-02  7.212710E-02  6.138339E+00
     3.0500    1.410470E-02  7.041328E-02  6.484863E+00
     3.1000    3.571065E-02  6.841948E-02  6.832306E+00
     3.1500    5.171697E-02  6.615001E-02  7.180755E+00
     3.2000    6.031001E-02  6.361312E-02  7.530313E+00
     3.2500    6.469823E-02  6.471635E-02  7.877645E+00
     3.3000    6.105392E-02  6.539120E-02  8.220246E+00
     3.3500    5.002342E-02  6.563451E-02  8.558149E+00
     3.4000    3.328728E-02  6.545497E-02  8.891275E+00
     3.4500    1.453752E-02  6.669364E-02  9.205039E+00
     3.5000   -5.814302E-03  6.711866E-02  9.511514E+00
     3.5500   -2.506707E-02  6.681854E-02  9.809338E+00
     3.6000   -4.105611E-02  6.592210E-02  1.009709E+01
     3.6500   -5.291615E-02  6.507606E-02  1.037431E+01
     3.7000   -5.934700E-02  6.325886E-02  1.064206E+01
     3.7500   -6.036316E-02  6.066546E-02  1.089570E+01
     3.8000   -5.709655E-02  5.762152E-02  1.113066E+01
     3.8500   -5.076637E-02  5.427914E-02  1.135731E+01
     3.9000   -4.267264E-02  5.062325E-02  1.156364E+01
     3.9500   -3.442577E-02  4.698477E-02  1.174409E+01
     4.0000   -2.727233E-02  4.379064E-02  1.189407E+01
     4.0500   -2.093927E-02  4.090310E-02  1.202895E+01
     4.1000   -1.626340E-02  3.901887E-02  1.213644E+01
     4.1500   -1.284393E-02  3.848621E-02  1.222612E+01
     4.2000   -9.833375E-03  3.946528E-02  1.231455E+01
     4.2500   -6.088981E-03  4.097251E-02  1.241721E+01
     4.3000   -1.267910E-03  4.353304E-02  1.253724E+01
     4.3500    5.266287E-03  4.686503E-02  1.267898E+01
     4.4000    1.378325E-02  5.066993E-02  1.284186E+01
     4.4500    2.362354E-02  5.395831E-02  1.301953E+01
     4.5000    3.435863E-02  5.729791E-02  1.320943E+01
     4.5500    4.518984E-02  6.055670E-02  1.340877E+01
     4.6000    5.515942E-02  6.364089E-02  1.361498E+01
     4.6500    6.288674E-02  6.609685E-02  1.382423E+01
     4.7000    6.803854E-02  6.838731E-02  1.403613E+01
     4.7500    7.007152E-02  7.051721E-02  1.424966E+01
     4.8000    6.866472E-02  7.250469E-02  1.446408E+01
     4.8500    6.356720E-02  7.404020E-02  1.467553E+01
     4.9000    5.524400E-02  7.554561E-02  1.488779E+01
     4.9500    4.393671E-02  7.703434E-02  1.510103E+01
     5.0000    3.002601E-02  7.850810E-02  1.531551E+01
     5.0500    1.410594E-02  7.991581E-02  1.553052E+01
     5.1000   -3.257258E-03  8.129593E-02  1.574804E+01
     5.1500   -2.124874E-02  8.259168E-02  1.596816E+01
     5.2000   -3.887851E-02  8.373748E-02  1.619080E+01
     5.2500   -5.517595E-02  8.457829E-02  1.641866E+01
     5.3000   -6.876229E-02  8.510744E-02  1.664862E+01
     5.3500   -7.856255E-02  8.525724E-02  1.687983E+01
     5.4000   -8.378706E-02  8.497685E-02  1.711122E+01
     5.4500   -8.374641E-02  8.390601E-02  1.734045E+01
     5.5000   -7.898611E-02  8.238478E-02  1.756700E+01
     5.5500   -7.020247E-02  8.045588E-02  1.778914E+01
     5.6000   -5.847277E-02  7.820321E-02  1.800496E+01
     5.6500   -4.489051E-02  7.574945E-02  1.821525E+01
     5.7000   -3.084359E-02  7.328691E-02  1.841516E+01
     5.7500   -1.732678E-02  7.105762E-02  1.860323E+01
     5.8000   -4.879061E-03  6.934669E-02  1.877914E+01
     5.8500    6.383420E-03  6.834143E-02  1.894310E+01
     5.9000    1.701582E-02  6.847369E-02  1.910069E+01
     5.9500    2.777769E-02  6.991108E-02  1.925816E+01
     6.0000    3.938884E-02  7.268287E-02  1.942229E+01
     6.0500    5.227625E-02  7.665066E-02  1.960006E+01
     6.1000    6.608829E-02  8.156868E-02  1.979408E+01
     6.1500    7.972447E-02  8.713524E-02  2.000494E+01
     6.2000    9.139197E-02  9.304295E-02  2.023169E+01
     6.2500    9.886813E-02  9.900312E-02  2.047258E+01
     6.3000    9.991181E-02  1.047564E-01  2.072566E+01
     6.3500    9.274868E-02  1.100754E-01  2.098907E+01
     6.4000    7.653242E-02  1.147641E-01  2.126115E+01
     6.4500    5.168024E-02  1.186558E-01  2.154050E+01
     6.5000    1.999882E-02  1.216115E-01  2.182595E+01
     6.5500   -1.578725E-02  1.231625E-01  2.211969E+01
     6.6000   -5.108309E-02  1.235270E-01  2.241749E+01
     6.6500   -8.157193E-02  1.226624E-01  2.271866E+01
     6.7000   -1.034393E-01  1.205507E-01  2.302262E+01
     6.7500   -1.140286E-01  1.171976E-01  2.332887E+01
     6.8000   -1.123140E-01  1.126307E-01  2.363696E+01
     6.8500   -9.909359E-02  1.068990E-01  2.394645E+01
     6.9000   -7.686027E-02  1.000708E-01  2.425694E+01
     6.9500   -4.936699E-02  9.223236E-02  2.456794E+01
     7.0000   -2.096477E-02  8.348650E-02  2.487891E+01
     7.0500    4.206427E-03  7.381398E-02  2.518976E+01
     7.1000    2.269430E-02  6.353982E-02  2.549797E+01
     7.1500    3.273704E-02  5.281559E-02  2.580128E+01
     7.2000    3.430301E-02  4.180423E-02  2.609514E+01
     7.2500    2.898515E-02  3.068873E-02  2.636878E+01
     7.3000    1.958691E-02  1.971740E-02  2.658842E+01
     7.3500    9.488877E-03  9.561284E-03  2.658039E+01
     7.4000    1.927143E-03  6.271262E-03  2.544509E+01
     7.4500   -6.715012E-04  1.449331E-02  2.508639E+01
     7.5000    2.832961E-03  2.389465E-02  2.525158E+01
     7.5500    1.221112E-02  3.280359E-02  2.551417E+01
     7.6000    2.552467E-02  4.099627E-02  2.580481E+01
     7.6500    4.000832E-02  4.834456E-02  2.610750E+01
     7.7000    5.251685E-02  5.476355E-02  2.641610E+01
     7.7500    6.017674E-02  6.019433E-02  2.672772E+01
     7.8000    6.096223E-02  6.459935E-02  2.704070E+01
     7.8500    5.408336E-02  6.796081E-02  2.735400E+01
     7.9000    4.011653E-02  7.027988E-02  2.766684E+01
     7.9500    2.086351E-02  7.157608E-02  2.797855E+01
     8.0000   -1.019212E-03  7.188660E-02  2.828851E+01
     8.0500   -2.264113E-02  7.132153E-02  2.859738E+01
     8.1000   -4.110152E-02  6.990874E-02  2.890283E+01
     8.1500   -5.428576E-02  6.773488E-02  2.920404E+01
     8.2000   -6.107350E-02  6.490096E-02  2.949999E+01
     8.2500   -6.142621E-02  6.152164E-02  2.978943E+01
     8.3000   -5.626041E-02  5.772470E-02  3.007085E+01
     8.3500   -4.715274E-02  5.365086E-02  3.034242E+01
     8.4000   -3.595465E-02  4.945370E-02  3.060193E+01
     8.4500   -2.440629E-02  4.529938E-02  3.084694E+01
     8.5000   -1.383122E-02  4.136486E-02  3.107499E+01
     8.5500   -4.982039E-03  3.796770E-02  3.128433E+01
     8.6000    2.079142E-03  3.514633E-02  3.147512E+01
     8.6500    7.677326E-03  3.303640E-02  3.165046E+01
     8.7000    1.237613E-02  3.170294E-02  3.181697E+01
     8.7500    1.672900E-02  3.111422E-02  3.198359E+01
     8.8000    2.106918E-02  3.114352E-02  3.215895E+01
     8.8500    2.538858E-02  3.160184E-02  3.234889E+01
     8.9000    2.933017E-02  3.228283E-02  3.255570E+01
     8.9500    3.228773E-02  3.299814E-02  3.277885E+01
     9.0000    3.358055E-02  3.359518E-02  3.301624E+01
     9.0500    3.276290E-02  3.408987E-02  3.326666E+01
     9.1000    2.941187E-02  3.427281E-02  3.352583E+01
     9.1500    2.365030E-02  3.409916E-02  3.379108E+01
     9.2000    1.601349E-02  3.355093E-02  3.405995E+01
     9.2500    7.357125E-03  3.263295E-02  3.433011E+01
     9.3000   -1.309035E-03  3.136970E-02  3.459926E+01
     9.3500   -9.019696E-03  2.980315E-02  3.486498E+01
     9.4000   -1.503681E-02  2.799139E-02  3.512463E+01
     9.4500   -1.897381E-02  2.600801E-02  3.537517E+01
     9.5000   -2.083451E-02  2.394212E-02  3.561313E+01
     9.5500   -2.102051E-02  2.196297E-02  3.583431E+01
     9.6000   -2.002902E-02  2.011694E-02  3.603479E+01
     9.6500   -1.847549E-02  1.854080E-02  3.621227E+01
     9.7000   -1.687091E-02  1.736808E-02  3.636816E+01
     9.7500   -1.549896E-02  1.669879E-02  3.650970E+01
     9.8000   -1.436376E-02  1.656301E-02  3.664952E+01
     9.8500   -1.321873E-02  1.690373E-02  3.680124E+01
     9.9000   -1.166634E-02  1.759615E-02  3.697429E+01
     9.9500   -9.300629E-03  1.848885E-02  3.717200E+01
    10.0000   -5.854339E-03  1.943861E-02  3.739319E+01
    10.0500   -1.316771E-03  2.052576E-02  3.763492E+01
    10.1000    4.158709E-03  2.149181E-02  3.789384E+01
    10.1500    1.002998E-02  2.226436E-02  3.816643E+01
    10.2000    1.554547E-02  2.279148E-02  3.844971E+01
    10.2500    1.989320E-02  2.303823E-02  3.874125E+01
    10.3000    2.237449E-02  2.298383E-02  3.903913E+01
    10.3500    2.256121E-02  2.261953E-02  3.934174E+01
    10.4000    2.039916E-02  2.194692E-02  3.964771E+01
    10.4500    1.623246E-02  2.097661E-02  3.995583E+01
    10.5000    1.074211E-02  1.972708E-02  4.026487E+01
    10.5500    4.811815E-03  1.822370E-02  4.057350E+01
    10.6000   -6.490663E-04  1.649796E-02  4.088006E+01
    10.6500   -4.885845E-03  1.458687E-02  4.118226E+01
    10.7000   -7.442109E-03  1.253286E-02  4.147649E+01
    10.7500   -8.235374E-03  1.038491E-02  4.175645E+01
    10.8000   -7.549424E-03  8.202929E-03  4.200964E+01
    10.8500   -5.947139E-03  6.072820E-03  4.220770E+01
    10.9000   -4.125541E-03  4.163017E-03  4.227722E+01
    10.9500   -2.747360E-03  2.929470E-03  4.205704E+01
    11.0000   -2.287854E-03  3.139270E-03  4.165725E+01
    11.0500   -2.939866E-03  4.491096E-03  4.155436E+01
    11.1000   -4.619718E-03  6.199414E-03  4.168152E+01
    11.1500   -6.951661E-03  7.945476E-03  4.190598E+01
    11.2000   -9.345575E-03  9.613742E-03  4.217475E+01
    11.2500   -1.113103E-02  1.114794E-02  4.246659E+01
    11.3000   -1.171043E-02  1.251366E-02  4.277174E+01
    11.3500   -1.069729E-02  1.368743E-02  4.308517E+01
    11.4000   -8.009484E-03  1.465301E-02  4.340399E+01
    11.4500   -3.897399E-03  1.539992E-02  4.372644E+01
    11.5000    1.098370E-03  1.592269E-02  4.405133E+01
    11.5500    6.249968E-03  1.622054E-02  4.437784E+01
    11.6000    1.078303E-02  1.629700E-02  4.470533E+01
    11.6500    1.402490E-02  1.615966E-02  4.503325E+01
    11.7000    1.552929E-02  1.581985E-02  4.536114E+01
    11.7500    1.515221E-02  1.529227E-02  4.568854E+01
    11.8000    1.306551E-02  1.459466E-02  4.601495E+01
    11.8500    9.707909E-03  1.374735E-02  4.633982E+01
    11.9000    5.686878E-03  1.277283E-02  4.666246E+01
    11.9500    1.654236E-03  1.169538E-02  4.698197E+01
    12.0000   -1.817237E-03  1.054063E-02  4.729716E+01
    12.0500   -4.417670E-03  9.497233E-03  4.760770E+01
    12.1000   -5.948416E-03  8.401614E-03  4.791057E+01
    12.1500   -6.412988E-03  7.277612E-03  4.820227E+01
    12.2000   -6.006738E-03  6.151716E-03  4.847715E+01
    12.2500   -5.052859E-03  5.055261E-03  4.872552E+01
    12.3000   -3.918489E-03  4.029671E-03  4.893014E+01
    12.3500   -2.930320E-03  3.138420E-03  4.906089E+01
    12.4000   -2.307842E-03  2.487722E-03  4.907730E+01
    12.4500   -2.127219E-03  2.218931E-03  4.898320E+01
    12.5000   -2.321114E-03  2.372038E-03  4.890227E+01
    12.5500   -2.711467E-03  2.794870E-03  4.893960E+01
    12.6000   -3.065125E-03  3.312242E-03  4.908341E+01
    12.6500   -3.157854E-03  3.822709E-03  4.929337E+01
    12.7000   -2.831472E-03  4.276730E-03  4.954191E+01
    12.7500   -2.031504E-03  4.650243E-03  4.981338E+01
    12.8000   -8.181359E-04  4.931929E-03  5.009883E+01
    12.8500    6.501549E-04  5.117656E-03  5.039287E+01
    12.9000    2.154608E-03  5.207918E-03  5.069202E+01
    12.9500    3.465634E-03  5.206520E-03  5.099383E+01
    13.0000    4.391649E-03  5.119805E-03  5.129641E+01
    13.0500    4.892250E-03  5.032206E-03  5.159988E+01
    13.1000    4.866681E-03  4.876945E-03  5.190117E+01
    13.1500    4.359174E-03  4.662053E-03  5.219872E+01
    13.2000    3.488317E-03  4.396915E-03  5.249078E+01
    13.2500    2.417058E-03  4.092210E-03  5.277521E+01
    13.3000    1.316296E-03  3.759904E-03  5.304941E+01
    13.3500    3.306492E-04  3.413346E-03  5.331005E+01
    13.4000   -4.461541E-04  3.067453E-03  5.355304E+01
    13.4500   -9.816515E-04  2.738921E-03  5.377364E+01
    13.5000   -1.299874E-03  2.446161E-03  5.396732E+01
    13.5500   -1.464124E-03  2.208240E-03  5.413193E+01
    13.6000   -1.552725E-03  2.041674E-03  5.427118E+01
    13.6500   -1.634366E-03  1.954841E-03  5.439714E+01
    13.7000   -1.749192E-03  1.943022E-03  5.452740E+01
    13.7500   -1.899848E-03  1.989036E-03  5.467728E+01
    13.8000   -2.053877E-03  2.069708E-03  5.485411E+01
    13.8500   -2.155911E-03  2.162825E-03  5.505785E+01
    13.9000   -2.145719E-03  2.250746E-03  5.528457E+01
    13.9500   -1.977001E-03  2.321020E-03  5.552929E+01
    14.0000   -1.631945E-03  2.365695E-03  5.578740E+01
    14.0500   -1.145707E-03  2.419947E-03  5.605547E+01
    14.1000   -5.302515E-04  2.444922E-03  5.633005E+01
    14.1500    1.457493E-04  2.439457E-03  5.660845E+01
    14.2000    8.008786E-04  2.403963E-03  5.688831E+01
    14.2500    1.357394E-03  2.340195E-03  5.716744E+01
    14.3000    1.756315E-03  2.251091E-03  5.744366E+01
    14.3500    1.967688E-03  2.140675E-03  5.771469E+01
    14.4000    1.993867E-03  2.013988E-03  5.797799E+01
    14.4500    1.865449E-03  1.877064E-03  5.823077E+01
    14.5000    1.631311E-03  1.736910E-03  5.846996E+01
    14.5500    1.345541E-03  1.601425E-03  5.869258E+01
    14.6000    1.054672E-03  1.479129E-03  5.889644E+01
    14.6500    7.883559E-04  1.378467E-03  5.908143E+01
    14.7000    5.555370E-04  1.306476E-03  5.925106E+01
    14.7500    3.467097E-04  1.266970E-03  5.941307E+01
    14.8000    1.412122E-04  1.259096E-03  5.957787E+01
    14.8500   -8.273485E-05  1.277359E-03  5.975508E+01
    14.9000   -3.381634E-04  1.313271E-03  5.995069E+01
    14.9500   -6.224270E-04  1.357551E-03  6.016656E+01
    15.0000   -9.151000E-04  1.401762E-03  6.040156E+01
    15.0500   -1.202864E-03  1.465393E-03  6.065315E+01
    15.1000   -1.433109E-03  1.521387E-03  6.091873E+01
    15.1500   -1.562399E-03  1.565745E-03  6.119567E+01
    15.2000   -1.556903E-03  1.595575E-03  6.148167E+01
    15.2500   -1.401255E-03  1.608932E-03  6.177478E+01
    15.3000   -1.103766E-03  1.604689E-03  6.207335E+01
    15.3500   -6.966458E-04  1.582426E-03  6.237599E+01
    15.4000   -2.310547E-04  1.542332E-03  6.268148E+01
    15.4500    2.319804E-04  1.485130E-03  6.298870E+01
    15.5000    6.327948E-04  1.412006E-03  6.329655E+01
    15.5500    9.239988E-04  1.324551E-03  6.360389E+01
    15.6000    1.078708E-03  1.224701E-03  6.390939E+01
    15.6500    1.094376E-03  1.114695E-03  6.421142E+01
    15.7000    9.915361E-04  9.970437E-04  6.450781E+01
    15.7500    8.079307E-04  8.745240E-04  6.479542E+01
    15.8000    5.894990E-04  7.502217E-04  6.506951E+01
    15.8500    3.803614E-04  6.276790E-04  6.532245E+01
    15.9000    2.140424E-04  5.112553E-04  6.554148E+01
    15.9500    1.077915E-04  4.069240E-04  6.570535E+01
    16.0000    6.104756E-05  3.236813E-04  6.578371E+01
    16.0500    5.736825E-05  2.762506E-04  6.576426E+01
    16.1000    7.544157E-05  2.710570E-04  6.569140E+01
    16.1500    8.843841E-05  3.044679E-04  6.567873E+01
    16.2000    7.237586E-05  3.598372E-04  6.577093E+01
    16.2500    1.221002E-05  4.227147E-04  6.594456E+01
    16.3000   -9.443892E-05  4.847150E-04  6.616954E+01
    16.3500   -2.366745E-04  5.413182E-04  6.642595E+01
    16.4000   -3.928318E-04  5.900244E-04  6.670200E+01
    16.4500   -5.354070E-04  6.294337E-04  6.699061E+01
    16.5000   -6.371962E-04  6.588173E-04  6.728734E+01
    16.5500   -6.772192E-04  6.779065E-04  6.758928E+01
    16.6000   -6.451212E-04  6.867813E-04  6.789434E+01
    16.6500   -5.431578E-04  6.858019E-04  6.820096E+01
    16.7000   -3.854548E-04  6.755629E-04  6.850784E+01
    16.7500   -1.948593E-04  6.568569E-04  6.881385E+01
    16.8000    1.790685E-06  6.306436E-04  6.911788E+01
    16.8500    1.788555E-04  5.980219E-04  6.941877E+01
    16.9000    3.164048E-04  5.602040E-04  6.971523E+01
    16.9500    4.031516E-04  5.184917E-04  7.000580E+01
    17.0000    4.373406E-04  4.742555E-04  7.028867E+01
    17.0500    4.348566E-04  4.381460E-04  7.056322E+01
    17.1000    3.970754E-04  4.010268E-04  7.082633E+01
    17.1500    3.369603E-04  3.642103E-04  7.107512E+01
    17.2000    2.677473E-04  3.291159E-04  7.130643E+01
    17.2500    2.002858E-04  2.972498E-04  7.151730E+01
    17.3000    1.413153E-04  2.701277E-04  7.170610E+01
    17.3500    9.294865E-05  2.490898E-04  7.187423E+01
    17.4000    5.333042E-05  2.349898E-04  7.202769E+01
    17.4500    1.817040E-05  2.278612E-04  7.217680E+01
    17.5000   -1.732375E-05  2.267966E-04  7.233309E+01
    17.5500   -5.663576E-05  2.301865E-04  7.250523E+01
    17.6000   -1.006936E-04  2.361748E-04  7.269709E+01
    17.6500   -1.474475E-04  2.430537E-04  7.290847E+01
    17.7000   -1.923096E-04  2.494625E-04  7.313688E+01
    17.7500   -2.292766E-04  2.544263E-04  7.337905E+01
    17.8000   -2.524041E-04  2.573154E-04  7.363174E+01
    17.8500   -2.572448E-04  2.577829E-04  7.389205E+01
    17.9000   -2.419004E-04  2.557046E-04  7.415751E+01
    17.9500   -2.074646E-04  2.511295E-04  7.442603E+01
    18.0000   -1.577968E-04  2.442386E-04  7.469579E+01
    18.0500   -1.004209E-04  2.398622E-04  7.496626E+01
    18.1000   -3.796342E-05  2.338493E-04  7.523516E+01
    18.1500    2.330787E-05  2.264990E-04  7.550131E+01
    18.2000    7.795794E-05  2.181515E-04  7.576366E+01
    18.2500    1.220678E-04  2.091712E-04  7.602135E+01
    18.3000    1.535242E-04  1.999269E-04  7.627378E+01
    18.3500    1.719160E-04  1.907698E-04  7.652069E+01
    18.4000    1.781323E-04  1.820105E-04  7.676222E+01
    18.4500    1.738160E-04  1.738944E-04  7.699904E+01
    18.5000    1.608399E-04  1.665799E-04  7.723230E+01
    18.5500    1.409383E-04  1.601247E-04  7.746358E+01
    18.6000    1.155626E-04  1.544827E-04  7.769468E+01
    18.6500    8.595074E-05  1.495152E-04  7.792738E+01
    18.7000    5.333484E-05  1.450155E-04  7.816319E+01
    18.7500    1.917304E-05  1.407399E-04  7.840316E+01
    18.8000   -1.470769E-05  1.364404E-04  7.864782E+01
    18.8500   -4.613540E-05  1.318927E-04  7.889717E+01
    18.9000   -7.280238E-05  1.269168E-04  7.915074E+01
    18.9500   -9.261479E-05  1.213894E-04  7.940769E+01
    19.0000   -1.040880E-04  1.152495E-04  7.966688E+01
    19.0500   -1.091145E-04  1.109795E-04  7.992703E+01
    19.1000   -1.057314E-04  1.060397E-04  8.018689E+01
    19.1500   -9.492074E-05  1.004745E-04  8.044466E+01
    19.2000   -7.854622E-05  9.437659E-05  8.069823E+01
    19.2500   -5.902057E-05  8.788778E-05  8.094512E+01
    19.3000   -3.885957E-05  8.119968E-05  8.118239E+01
    19.3500   -2.022370E-05  7.455553E-05  8.140671E+01
    19.4000   -4.553575E-06  6.825003E-05  8.161464E+01
    19.4500    7.616844E-06  6.262177E-05  8.180335E+01
    19.5000    1.662803E-05  5.802691E-05  8.197204E+01
    19.5500    2.345670E-05  5.478090E-05  8.212390E+01
    19.6000    2.933548E-05  5.306981E-05  8.226710E+01
    19.6500    3.532925E-05  5.287047E-05  8.241323E+01
    19.7000    4.197731E-05  5.393996E-05  8.257324E+01
    19.7500    4.909284E-05  5.588992E-05  8.275388E+01
    19.8000    5.577125E-05  5.829249E-05  8.295702E+01
    19.8500    6.060551E-05  6.075872E-05  8.318118E+01
    19.9000    6.205367E-05  6.297342E-05  8.342333E+01
    19.9500    5.886552E-05  6.470016E-05  8.368015E+01
    20.0000    5.045929E-05  6.577365E-05  8.394859E+01
