Energy XANES
6993,50000	-0,00866
6998,50000	-0,00165
7003,50000	0,00051
7008,50000	0,00201
7013,50000	0,00244
7018,50000	0,00095
7023,50000	-0,00109
7028,50000	-0,00164
7033,50000	-0,00218
7038,50000	-0,00248
7043,50000	-0,00226
7048,50000	-0,00189
7053,50000	-0,00120
7058,50000	-0,00033
7063,50000	0,00107
7068,50000	0,00063
7073,50000	0,00126
7078,50000	0,00006
7083,50000	-0,00100
7088,50000	-0,00212
7089,50000	-0,00253
7090,50000	-0,00235
7091,50000	-0,00223
7092,50000	-0,00202
7093,50000	-0,00118
7094,50000	-0,00094
7095,50000	-0,00151
7096,50000	0,00021
7097,50000	0,00125
7098,50000	0,00127
7099,00000	0,00130
7099,50000	0,00099
7100,00000	0,00063
7100,50000	0,00053
7101,00000	0,00095
7101,50000	0,00158
7102,00000	0,00264
7102,50000	0,00160
7103,00000	0,00183
7103,50000	0,00239
7103,60000	0,00247
7103,70000	0,00229
7103,80000	0,00358
7103,90000	0,00423
7104,00000	0,00493
7104,10000	0,00578
7104,20000	0,00644
7104,30000	0,00618
7104,40000	0,00613
7104,50000	0,00442
7104,60000	0,00332
7104,70000	0,00329
7104,80000	0,00379
7104,90000	0,00346
7105,00000	0,00509
7105,10000	0,00605
7105,20000	0,00661
7105,30000	0,00664
7105,40000	0,00696
7105,50000	0,00657
7105,60000	0,00693
7105,70000	0,00731
7105,80000	0,00781
7105,90000	0,00814
7106,00000	0,00863
7106,10000	0,00778
7106,20000	0,00734
7106,30000	0,00722
7106,40000	0,00782
7106,50000	0,00750
7106,60000	0,00791
7106,70000	0,00744
7106,80000	0,00756
7106,90000	0,00759
7107,00000	0,00754
7107,10000	0,00794
7107,20000	0,00918
7107,30000	0,01007
7107,40000	0,01027
7107,50000	0,01060
7107,60000	0,01115
7107,70000	0,01101
7107,80000	0,01030
7107,90000	0,01011
7108,00000	0,01080
7108,10000	0,01021
7108,20000	0,00991
7108,30000	0,00953
7108,40000	0,00963
7108,50000	0,00878
7108,60000	0,00921
7108,70000	0,00923
7108,80000	0,00958
7108,90000	0,00961
7109,00000	0,00992
7109,10000	0,00938
7109,20000	0,00985
7109,30000	0,01043
7109,40000	0,01090
7109,50000	0,01175
7109,60000	0,01265
7109,70000	0,01312
7109,80000	0,01382
7109,90000	0,01481
7110,00000	0,01541
7110,10000	0,01621
7110,20000	0,01698
7110,30000	0,01751
7110,40000	0,01717
7110,50000	0,01751
7110,60000	0,01795
7110,70000	0,01772
7110,80000	0,01706
7110,90000	0,01782
7111,00000	0,01900
7111,10000	0,01943
7111,20000	0,02154
7111,30000	0,02351
7111,40000	0,02645
7111,50000	0,02907
7111,60000	0,03332
7111,70000	0,03665
7111,80000	0,04144
7111,90000	0,04527
7112,00000	0,04901
7112,10000	0,05148
7112,20000	0,05438
7112,30000	0,05635
7112,40000	0,05693
7112,50000	0,05783
7112,60000	0,05948
7112,70000	0,05917
7112,80000	0,05968
7112,90000	0,06004
7113,00000	0,05896
7113,10000	0,05788
7113,20000	0,05788
7113,30000	0,05697
7113,40000	0,05740
7113,50000	0,05784
7113,60000	0,05793
7113,70000	0,05774
7113,80000	0,05753
7113,90000	0,05667
7114,00000	0,05609
7114,10000	0,05514
7114,20000	0,05473
7114,30000	0,05415
7114,40000	0,05381
7114,50000	0,05268
7114,60000	0,05259
7114,70000	0,05250
7114,80000	0,05122
7114,90000	0,05088
7115,00000	0,05077
7115,10000	0,04998
7115,20000	0,04943
7115,30000	0,05077
7115,40000	0,05004
7115,50000	0,05049
7115,60000	0,05167
7115,70000	0,05197
7115,80000	0,05231
7115,90000	0,05349
7116,00000	0,05532
7116,10000	0,05607
7116,20000	0,05916
7116,30000	0,06080
7116,40000	0,06282
7116,50000	0,06448
7116,60000	0,06732
7116,70000	0,06812
7116,80000	0,07065
7116,90000	0,07282
7117,00000	0,07467
7117,10000	0,07562
7117,20000	0,07757
7117,30000	0,07853
7117,40000	0,08063
7117,50000	0,08369
7117,60000	0,08760
7117,70000	0,09191
7117,80000	0,09780
7117,90000	0,10417
7118,00000	0,11005
7118,10000	0,11767
7118,20000	0,12551
7118,30000	0,13406
7118,40000	0,14314
7118,50000	0,15494
7118,75000	0,16665
7119,00000	0,17973
7119,25000	0,19413
7119,50000	0,21186
7119,75000	0,22960
7120,00000	0,25202
7120,25000	0,27629
7120,50000	0,30330
7120,75000	0,32920
7121,00000	0,35483
7121,25000	0,37828
7121,50000	0,40331
7121,75000	0,43049
7122,00000	0,46302
7122,25000	0,50137
7122,50000	0,54016
7122,75000	0,57477
7123,00000	0,60147
7123,25000	0,61915
7123,50000	0,62904
7123,75000	0,63284
7124,00000	0,63443
7124,25000	0,63784
7124,50000	0,64234
7124,75000	0,64763
7125,00000	0,65769
7125,25000	0,66929
7125,50000	0,68096
7125,75000	0,69497
7126,00000	0,71368
7126,25000	0,73747
7126,50000	0,77212
7126,75000	0,82089
7127,00000	0,87605
7127,25000	0,93115
7127,50000	0,98597
7127,75000	1,03690
7128,00000	1,08510
7128,25000	1,13183
7128,50000	1,18404
7128,75000	1,23491
7129,00000	1,28276
7129,25000	1,32012
7129,50000	1,34846
7129,75000	1,36427
7130,00000	1,37344
7130,25000	1,37392
7130,50000	1,36573
7130,75000	1,35169
7131,00000	1,33119
7131,25000	1,30539
7131,50000	1,27919
7131,75000	1,25549
7132,00000	1,23330
7132,25000	1,21717
7132,50000	1,20186
7132,75000	1,18935
7133,00000	1,17811
7133,25000	1,16770
7133,50000	1,15742
7133,75000	1,14997
7134,00000	1,14379
7134,25000	1,13654
7134,50000	1,13330
7134,75000	1,12821
7135,00000	1,12465
7135,25000	1,11855
7135,50000	1,11494
7135,75000	1,11127
7136,00000	1,10805
7136,25000	1,10660
7136,50000	1,10501
7136,75000	1,10432
7137,00000	1,10429
7137,25000	1,10794
7137,50000	1,10900
7137,75000	1,11223
7138,00000	1,11576
7138,25000	1,11895
7138,50000	1,12018
7138,75000	1,12445
7139,00000	1,13036
7139,25000	1,13729
7139,50000	1,14542
7139,75000	1,15410
7140,00000	1,16092
7140,25000	1,16742
7140,50000	1,17240
7140,75000	1,17681
7141,00000	1,18019
7141,25000	1,18469
7141,50000	1,18640
7141,75000	1,19078
7142,00000	1,19329
7142,25000	1,19590
7142,50000	1,19766
7142,75000	1,20009
7143,00000	1,19921
7143,25000	1,19757
7143,50000	1,19652
7143,75000	1,19135
7144,00000	1,18539
7144,25000	1,17556
7144,50000	1,16504
7144,75000	1,15427
7145,00000	1,14515
7145,25000	1,13653
7145,50000	1,12681
7145,75000	1,11841
7146,00000	1,10532
7146,25000	1,09251
7146,50000	1,07703
7146,75000	1,06576
7147,00000	1,05281
7147,25000	1,04360
7147,50000	1,03285
7147,75000	1,02135
7148,00000	1,00904
7148,25000	0,99553
7148,50000	0,97941
7148,75000	0,96439
7149,00000	0,95464
7149,25000	0,94498
7149,50000	0,93721
7149,75000	0,93121
7150,00000	0,92468
7150,25000	0,91726
7150,50000	0,90933
7150,75000	0,90145
7151,00000	0,89494
7151,25000	0,88845
7151,50000	0,88210
7151,75000	0,87714
7152,00000	0,87168
7152,25000	0,86547
7152,50000	0,85983
7152,75000	0,85262
7153,00000	0,84599
7153,25000	0,84118
7153,50000	0,83760
7153,75000	0,83551
7154,00000	0,83279
7154,25000	0,82970
7154,50000	0,82578
7154,75000	0,82351
7155,00000	0,81989
7155,25000	0,81798
7155,50000	0,81721
7155,75000	0,81604
7156,00000	0,81379
7156,25000	0,81227
7156,50000	0,81052
7156,75000	0,80925
7157,00000	0,80973
7157,25000	0,81064
7157,50000	0,81183
7157,75000	0,81478
7158,00000	0,81734
7158,25000	0,81742
7158,50000	0,81640
7158,75000	0,81683
7159,00000	0,81722
7159,25000	0,81730
7159,50000	0,82028
7159,75000	0,82326
7160,00000	0,82511
7160,25000	0,82726
7160,50000	0,82947
7160,75000	0,83034
7161,00000	0,83265
7161,25000	0,83588
7161,50000	0,83850
7161,75000	0,84241
7162,00000	0,84516
7162,25000	0,84897
7162,50000	0,85155
7162,75000	0,85325
7163,00000	0,85407
7163,25000	0,85743
7163,50000	0,86044
7163,75000	0,86430
7164,00000	0,86778
7164,25000	0,87121
7164,50000	0,87373
7164,75000	0,87557
7165,00000	0,87656
7165,25000	0,87940
7165,50000	0,88198
7165,75000	0,88694
7166,00000	0,89086
7166,25000	0,89644
7166,50000	0,90078
7166,75000	0,90601
7167,00000	0,90822
7167,25000	0,91101
7167,50000	0,91338
7167,75000	0,91709
7168,00000	0,91996
7168,25000	0,92419
7168,50000	0,92866
7169,50000	0,93609
7170,50000	0,94361
7171,50000	0,95373
7172,50000	0,96408
7173,50000	0,97528
7174,50000	0,98504
7175,50000	0,99496
7176,50000	1,00294
7177,50000	1,01024
7178,50000	1,01663
7179,50000	1,02030
7180,50000	1,02432
7181,50000	1,02663
7182,50000	1,02879
7183,50000	1,02985
7184,50000	1,03181
7185,50000	1,03193
7186,50000	1,03309
7187,50000	1,03353
7188,50000	1,03431
7189,50000	1,03424
7190,50000	1,03069
7191,50000	1,02723
7192,50000	1,02738
7193,50000	1,02939
7194,50000	1,02992
7195,50000	1,03523
7196,50000	1,04164
7197,50000	1,04482
7198,50000	1,04507
7199,50000	1,04543
7200,50000	1,04617
7201,50000	1,04354
7202,50000	1,04019
7203,50000	1,03653
7204,50000	1,03431
7205,50000	1,03133
7206,50000	1,02895
7207,50000	1,02545
7208,50000	1,02270
7209,50000	1,01774
7210,50000	1,01153
7211,50000	1,00441
7212,50000	1,00044
7213,50000	0,99675
7214,50000	0,99397
7215,50000	0,99160
7216,50000	0,98956
7217,50000	0,98705
7218,50000	0,98411
7219,50000	0,98363
7220,50000	0,98153
7221,50000	0,98204
7222,50000	0,98146
7223,50000	0,98190
7224,50000	0,98020
7225,50000	0,97939
7226,50000	0,97811
7227,50000	0,97884
7228,50000	0,97927
7229,50000	0,98127
7230,50000	0,98403
7231,50000	0,98737
7232,50000	0,98773
7233,50000	0,98860
7234,50000	0,98876
7235,50000	0,98880
7236,50000	0,98794
7237,50000	0,98855
7238,50000	0,98840
7241,50000	0,98838
7244,50000	0,98723
7247,50000	0,98636
7250,50000	0,98462
7253,50000	0,97622
7256,50000	0,97526
7259,50000	0,97811
7262,50000	0,98086
7265,50000	0,98666
7268,50000	1,00099
7271,50000	1,00939
7274,50000	1,01443
7277,50000	1,01912
7280,50000	1,02173
7283,50000	1,02370
7286,50000	1,02326
7289,50000	1,02302
7292,50000	1,02200
7295,50000	1,02232
7298,50000	1,01958
7301,50000	1,01730
7304,50000	1,01526
7307,50000	1,01345
7310,50000	1,01044
7313,50000	1,00977
7316,50000	1,00786
7319,50000	1,00511
7322,50000	1,00365
7325,50000	1,00110
7328,50000	0,99820
7331,50000	0,99703
7334,50000	0,99699
7337,50000	0,99591
7340,50000	0,99579
7343,50000	0,99635
7346,50000	0,99592
7349,50000	0,99677
7352,50000	0,99774
7355,50000	0,99827
7358,50000	0,99914
7361,50000	1,00095
7364,50000	1,00150
7367,50000	1,00250
7370,50000	1,00370
7373,50000	1,00382
7376,50000	1,00261
7379,50000	1,00207
7382,50000	1,00234
7385,50000	1,00204
7388,50000	1,00218
7391,50000	1,00461
7394,50000	1,00628
7397,50000	1,00554
7400,50000	1,00545
7403,50000	1,00467
7406,50000	1,00367
7409,50000	1,00307
7412,50000	1,00348
7415,50000	1,00449
7418,50000	1,00490
7421,50000	1,00450
7424,50000	1,00389
7427,50000	1,00396
7430,50000	1,00277
7433,50000	1,00253
7436,50000	1,00261
7439,50000	1,00178
7442,50000	1,00045
7445,50000	1,00008
7448,50000	0,99890
7451,50000	0,99803
7454,50000	0,99680
7457,50000	0,99596
7460,50000	0,99584
7463,50000	0,99533
7466,50000	0,99490
7469,50000	0,99579
7472,50000	0,99675
7475,50000	0,99553
7478,50000	0,99572
7481,50000	0,99173
7484,50000	0,99055
7487,50000	0,99004
7488,50000	0,99105
7493,50000	0,99157
7498,50000	0,99574
7503,50000	0,99703
7508,50000	0,99871
7513,50000	0,99997
7518,50000	1,00176
7523,50000	1,00253
7528,50000	1,00287
7533,50000	1,00268
7538,50000	1,00221
7543,50000	1,00160
7548,50000	1,00146
7553,50000	1,00203
7558,50000	1,00167
7563,50000	1,00213
7568,50000	1,00168
7573,50000	1,00183
7578,50000	1,00119
7583,50000	1,00087
7588,50000	0,99950
7593,50000	0,99992
7598,50000	1,00008
7603,50000	1,00032
7608,50000	1,00020
7613,50000	1,00121
7618,50000	1,00135
7623,50000	1,00149
7628,50000	1,00130
7633,50000	1,00136
7638,50000	1,00122
7643,50000	1,00043
7648,50000	1,00022
7653,50000	1,00070
7658,50000	1,00073
7663,50000	1,00125
7668,50000	1,00155
7673,50000	0,99916
7678,50000	0,99920
7683,50000	0,99939
7688,50000	0,99856
7693,50000	0,99894
7698,50000	1,00112
7703,50000	1,00112
7708,50000	1,00135
7713,50000	1,00130
7718,50000	1,00094
7723,50000	1,00086
7728,50000	1,00049
7733,50000	0,99983
7738,50000	0,99958
7743,50000	0,99939
7748,50000	0,99958
7753,50000	0,99964
7758,50000	0,99947
7763,50000	0,99971
7768,50000	0,99807