24301	0.00758	0.0077	0.0068	0.00962	0.00543	0.00749	0.00578	0.00813	0.00699	0.0068
24302	0.00769	0.00831	0.00758	0.00952	0.00722	0.00799	0.00557	0.00868	0.00777	0.00792
24303	0.00784	0.008	0.00727	0.01047	0.00688	0.00837	0.00564	0.00883	0.00806	0.00545
24304	0.00764	0.00782	0.0083	0.00905	0.00693	0.00605	0.00522	0.00944	0.00702	0.0075
24305	0.00832	0.00869	0.00937	0.00936	0.00781	0.00778	0.00729	0.01052	0.00774	0.0056
24306	0.00919	0.00846	0.00946	0.01045	0.00847	0.00637	0.00703	0.01048	0.00839	0.00838
24307	0.00947	0.00856	0.01048	0.01208	0.00905	0.00698	0.0077	0.00996	0.00935	0.00863
24308	0.01083	0.00916	0.00995	0.01068	0.01039	0.00937	0.00652	0.01073	0.00925	0.00949
24309	0.0129	0.01123	0.01086	0.01249	0.00976	0.00935	0.00801	0.01063	0.0092	0.01054
24310	0.01345	0.01064	0.01035	0.0121	0.00937	0.0101	0.00914	0.01083	0.00879	0.01026
24311	0.0133	0.00975	0.01151	0.01124	0.01068	0.00999	0.00829	0.0104	0.00997	0.01097
24312	0.0134	0.00992	0.01251	0.0129	0.01054	0.01045	0.00883	0.01114	0.01163	0.01287
24313	0.01417	0.01043	0.01156	0.01366	0.01018	0.01038	0.01003	0.01162	0.01182	0.01393
24314	0.01262	0.01118	0.01243	0.01333	0.01114	0.01159	0.01011	0.01409	0.01074	0.01272
24315	0.01463	0.01128	0.01299	0.01313	0.01277	0.01138	0.0113	0.01444	0.01118	0.01244
24316	0.01494	0.01139	0.01268	0.01466	0.01221	0.0118	0.01208	0.01407	0.01345	0.01359
24317	0.0166	0.01239	0.01355	0.01498	0.01283	0.01268	0.01314	0.01446	0.01239	0.01513
24318	0.01603	0.01434	0.01509	0.01601	0.01296	0.01324	0.01405	0.01453	0.01423	0.01528
24319	0.01634	0.01417	0.01495	0.01679	0.0148	0.01326	0.01239	0.01499	0.01482	0.01507
24320	0.01689	0.01505	0.01567	0.016	0.01385	0.0147	0.01273	0.01684	0.01584	0.01633
24321	0.01681	0.01638	0.01672	0.01645	0.01497	0.01529	0.01401	0.01864	0.01464	0.01661
24322	0.01766	0.01853	0.01762	0.0184	0.01497	0.01683	0.01551	0.01754	0.01642	0.01743
24323	0.01806	0.01933	0.01829	0.02035	0.01518	0.01671	0.01521	0.01982	0.01512	0.01757
24324	0.01876	0.02057	0.01864	0.02076	0.01592	0.01666	0.01738	0.02185	0.01748	0.01773
24325	0.01986	0.01941	0.01883	0.02163	0.01939	0.01735	0.01877	0.02131	0.01944	0.01898
24326	0.02111	0.02164	0.02005	0.02185	0.01852	0.0187	0.0191	0.02156	0.02008	0.01891
24327	0.02165	0.0224	0.02108	0.02317	0.02025	0.01897	0.02002	0.02217	0.02102	0.02021
24328	0.02261	0.02375	0.02374	0.02357	0.02201	0.02094	0.01975	0.02325	0.0208	0.02219
24329	0.02417	0.02561	0.02411	0.02433	0.02381	0.0206	0.02211	0.02483	0.02184	0.02293
24330	0.02503	0.02546	0.02381	0.02563	0.0219	0.021	0.02408	0.02649	0.02275	0.02288
24331	0.026	0.02689	0.02679	0.02827	0.02494	0.02301	0.02491	0.02722	0.02399	0.02498
24332	0.0285	0.02918	0.02882	0.02875	0.02455	0.02379	0.02713	0.02868	0.02574	0.02682
24333	0.03116	0.03148	0.02946	0.03127	0.02745	0.02821	0.02818	0.03091	0.0296	0.02875
24334	0.03275	0.03391	0.03242	0.03201	0.02971	0.0305	0.02746	0.03301	0.0327	0.03188
24335	0.03388	0.03363	0.03424	0.03412	0.03013	0.03315	0.03029	0.0343	0.0328	0.03217
24336	0.0366	0.03421	0.03717	0.03513	0.0326	0.03479	0.03271	0.0352	0.0343	0.03474
24337	0.03736	0.03663	0.03827	0.03733	0.03471	0.03589	0.03422	0.0382	0.037	0.03592
24338	0.03928	0.04002	0.03989	0.04009	0.03711	0.03875	0.03654	0.04171	0.03915	0.03801
24339	0.04226	0.04403	0.04323	0.04233	0.04074	0.04185	0.0403	0.04433	0.04171	0.04185
24340	0.04769	0.04674	0.04609	0.0467	0.04486	0.0462	0.04448	0.04635	0.04578	0.04312
24341	0.05096	0.04937	0.04953	0.05001	0.04805	0.04932	0.04748	0.05078	0.0484	0.04761
24342	0.0548	0.05336	0.05561	0.05433	0.05203	0.05276	0.05223	0.05543	0.05293	0.0519
24343	0.06193	0.0582	0.06049	0.0597	0.05749	0.05798	0.05741	0.05936	0.05838	0.05654
24344	0.06722	0.0635	0.06676	0.06521	0.06311	0.06373	0.06307	0.06568	0.06398	0.06256
24345	0.07253	0.07071	0.07548	0.07385	0.07061	0.07031	0.07095	0.0739	0.07015	0.07095
24346	0.08349	0.08007	0.08408	0.08299	0.07929	0.07922	0.07889	0.08429	0.07991	0.07987
24347	0.09459	0.09089	0.09474	0.0937	0.09217	0.0916	0.08906	0.09425	0.08948	0.09156
24348	0.10931	0.1071	0.10929	0.10776	0.10612	0.10429	0.10533	0.10937	0.10521	0.10552
24349	0.12809	0.12332	0.12755	0.12613	0.12416	0.12309	0.12414	0.12673	0.12504	0.1243
24350	0.15157	0.14691	0.14962	0.15018	0.14655	0.14747	0.14691	0.15191	0.14783	0.14812
24351	0.18037	0.17688	0.18229	0.18313	0.17695	0.17883	0.17767	0.18326	0.1774	0.18003
24352	0.21944	0.21414	0.21881	0.22229	0.2151	0.21665	0.21824	0.22102	0.21823	0.21893
24353	0.26645	0.25416	0.26227	0.26452	0.25687	0.26021	0.26284	0.26228	0.26	0.26164
24354	0.31368	0.29575	0.30787	0.30707	0.30457	0.30674	0.30498	0.30919	0.30453	0.30519
24355	0.3559	0.33916	0.35183	0.3496	0.34801	0.34948	0.34954	0.35457	0.34815	0.34831
24356	0.40216	0.38425	0.39427	0.39439	0.39044	0.39256	0.39264	0.3956	0.39098	0.39144
24357	0.44412	0.42589	0.43452	0.43805	0.43214	0.43253	0.432	0.43789	0.4311	0.43292
24358	0.48601	0.47396	0.47625	0.47713	0.47367	0.4753	0.47508	0.48017	0.47183	0.47312
24359	0.52855	0.52347	0.51447	0.51664	0.51524	0.51755	0.51458	0.52007	0.51434	0.51311
24360	0.56962	0.5767	0.55884	0.5585	0.55743	0.55807	0.55924	0.5633	0.55702	0.55532
24361	0.61284	0.63149	0.60358	0.60831	0.60396	0.60361	0.60537	0.6114	0.60434	0.60426
24362	0.66183	0.69384	0.65695	0.65878	0.6556	0.65728	0.65409	0.66485	0.65712	0.65553
24363	0.71672	0.75043	0.70879	0.71112	0.70925	0.70928	0.70975	0.71667	0.70893	0.70788
24364	0.77211	0.80395	0.75877	0.76242	0.76149	0.76158	0.76148	0.76897	0.76104	0.75694
24365	0.82197	0.85242	0.80802	0.81322	0.80912	0.8084	0.8096	0.8164	0.80986	0.80771
24366	0.86656	0.89426	0.85334	0.86178	0.85489	0.85353	0.8539	0.86214	0.85418	0.85486
24367	0.90376	0.92677	0.89231	0.89793	0.89502	0.89356	0.89206	0.90117	0.89282	0.89048
24368	0.93256	0.94979	0.92356	0.92594	0.92371	0.92262	0.92098	0.9305	0.92207	0.91992
24369	0.95276	0.96549	0.94428	0.94703	0.9452	0.94332	0.942	0.94975	0.94461	0.94208
24370	0.96595	0.9737	0.95762	0.95936	0.95904	0.95813	0.95688	0.96377	0.95923	0.95763
24371	0.97081	0.97679	0.96541	0.9696	0.96785	0.96622	0.96648	0.96993	0.96728	0.96669
24372	0.97471	0.97365	0.96998	0.97446	0.9732	0.97112	0.97195	0.97449	0.97225	0.97261
24373	0.9688	0.96497	0.97125	0.97438	0.97421	0.9722	0.97239	0.97333	0.97462	0.97409
24374	0.96418	0.95289	0.96831	0.97001	0.97161	0.96837	0.96941	0.96711	0.97118	0.97122
24375	0.95582	0.94013	0.96095	0.96399	0.96606	0.9619	0.96458	0.95909	0.96516	0.96488
24376	0.94532	0.93002	0.95243	0.95674	0.95704	0.95368	0.95709	0.95231	0.95828	0.95507
24377	0.9339	0.92152	0.94398	0.94687	0.94811	0.94528	0.94809	0.93957	0.94801	0.94697
24378	0.92497	0.91533	0.9337	0.93687	0.94018	0.93695	0.93821	0.92921	0.93875	0.93957
24379	0.91354	0.91356	0.92528	0.93032	0.93246	0.93046	0.93056	0.92143	0.93389	0.93259
24380	0.90992	0.91316	0.92232	0.92524	0.9282	0.92673	0.92577	0.9161	0.92911	0.92803
24381	0.90908	0.91644	0.9188	0.92475	0.92401	0.92453	0.92303	0.91674	0.92597	0.92607
24382	0.91064	0.92388	0.9197	0.92748	0.92719	0.92526	0.92462	0.91822	0.92764	0.92628
24383	0.91424	0.9343	0.92536	0.93133	0.93345	0.93017	0.92835	0.92327	0.93289	0.9313
24384	0.92068	0.94999	0.93153	0.93651	0.93762	0.93671	0.93825	0.93137	0.94031	0.93927
24385	0.93173	0.96302	0.94261	0.94599	0.95033	0.94563	0.94548	0.94182	0.9506	0.94887
24386	0.9445	0.98191	0.95488	0.95805	0.96124	0.95759	0.95752	0.95499	0.96323	0.95986
24387	0.96017	0.99778	0.9659	0.97234	0.97444	0.97347	0.97309	0.97031	0.97704	0.97502
24388	0.97902	1.01635	0.98216	0.98856	0.99223	0.99072	0.98907	0.98709	0.99411	0.99203
24389	0.99537	1.0313	1.00135	1.0051	1.00674	1.0069	1.00543	1.00569	1.00986	1.00775
24390	1.01208	1.04252	1.01709	1.0207	1.02105	1.02036	1.01954	1.02314	1.02504	1.02397
24391	1.02891	1.05156	1.03346	1.03548	1.03661	1.03296	1.03448	1.03729	1.03732	1.03801
24392	1.04374	1.05671	1.04538	1.0485	1.05191	1.04779	1.04609	1.05066	1.0498	1.04783
24393	1.05763	1.05561	1.0563	1.05834	1.05814	1.05341	1.05573	1.05885	1.05861	1.05626
24394	1.06713	1.05256	1.06196	1.06218	1.06137	1.05945	1.05696	1.06327	1.0603	1.05865
24395	1.06871	1.04292	1.06356	1.06314	1.06199	1.05624	1.05734	1.06361	1.05898	1.05656
24396	1.06659	1.02841	1.0613	1.05709	1.05706	1.0513	1.05089	1.05826	1.05306	1.0489
24397	1.06104	1.01176	1.05122	1.04667	1.04777	1.04327	1.0415	1.04727	1.0413	1.03936
24398	1.04919	0.9939	1.03702	1.03504	1.03178	1.02912	1.02602	1.03315	1.02527	1.02338
24399	1.03293	0.97724	1.02014	1.01557	1.01467	1.01022	1.00923	1.01514	1.00802	1.00683
24400	1.01114	0.96107	1.00043	0.99665	0.99534	0.99089	0.99027	0.99406	0.98901	0.98737
24401	0.98905	0.94653	0.98108	0.97766	0.97773	0.97184	0.97285	0.97697	0.97089	0.96904
24402	0.9709	0.93703	0.96195	0.95937	0.96054	0.95498	0.95623	0.95894	0.95741	0.95411
24403	0.95279	0.92951	0.94611	0.94508	0.94683	0.94226	0.94263	0.94163	0.94287	0.93994
24404	0.93697	0.92556	0.93226	0.93336	0.9351	0.93233	0.93106	0.92935	0.93096	0.92909
24405	0.92445	0.92505	0.92354	0.92351	0.92607	0.92375	0.92176	0.92073	0.92301	0.92237
24406	0.91679	0.9262	0.91827	0.9188	0.92124	0.91817	0.91753	0.91609	0.91776	0.91847
24407	0.91368	0.9287	0.91488	0.91796	0.91966	0.91606	0.91726	0.91576	0.91754	0.91716
24408	0.91397	0.93288	0.91631	0.91895	0.92024	0.91679	0.91878	0.91773	0.91985	0.91916
24409	0.91693	0.93918	0.91803	0.92157	0.92254	0.91968	0.92191	0.92104	0.92281	0.92141
24410	0.92073	0.94343	0.92142	0.92583	0.92492	0.92385	0.92636	0.92585	0.92653	0.92605
24411	0.92557	0.94764	0.92531	0.93075	0.93098	0.9291	0.932	0.9296	0.93363	0.93093
24413	0.94031	0.95265	0.93265	0.93732	0.93829	0.93489	0.93827	0.93697	0.93707	0.93605
24414	0.94569	0.95684	0.94143	0.94473	0.94373	0.94211	0.94258	0.94386	0.94351	0.94239
24415	0.95255	0.96184	0.94811	0.95006	0.95003	0.9483	0.94693	0.95029	0.95004	0.94862
24416	0.95775	0.96509	0.95402	0.95733	0.95704	0.95343	0.95386	0.95477	0.96171	0.95512
24417	0.96503	0.97337	0.96025	0.9633	0.96299	0.96009	0.96049	0.96096	0.96692	0.96062
24418	0.96797	0.9778	0.96515	0.96802	0.96854	0.96334	0.9659	0.96776	0.9713	0.96607
24419	0.97107	0.98261	0.96941	0.97195	0.97346	0.9683	0.97078	0.97166	0.97673	0.97111
24420	0.9751	0.98785	0.97516	0.97729	0.97787	0.97472	0.97625	0.97609	0.98266	0.97665
24421	0.97844	0.99331	0.97734	0.98176	0.98158	0.98197	0.98429	0.98029	0.98971	0.98173
24422	0.98223	1.00351	0.98151	0.9867	0.9857	0.98745	0.98637	0.98408	0.99382	0.98757
24423	0.98646	1.01913	0.98511	0.99096	0.99259	0.99063	0.9913	0.99029	0.99952	0.99315
24424	0.99212	1.0272	0.99191	0.99664	0.99934	0.99672	0.9964	0.99558	1.00655	1.00041
24425	0.99769	1.03548	0.99556	1.00232	1.00448	1.00301	1.0036	1.00241	1.01286	1.00729
24426	1.00735	1.04298	1.00378	1.00883	1.01171	1.00967	1.01159	1.01125	1.02073	1.01361
24427	1.01518	1.04696	1.0098	1.01603	1.01903	1.01889	1.01956	1.01898	1.02788	1.02096
24428	1.02354	1.0512	1.01962	1.02338	1.02502	1.02503	1.02359	1.02546	1.03341	1.02777
24429	1.03195	1.05402	1.02798	1.03021	1.03371	1.03015	1.03202	1.03375	1.03881	1.03368
24430	1.03927	1.05197	1.03291	1.037	1.03894	1.03727	1.03799	1.04101	1.04402	1.04205
24431	1.04677	1.0497	1.03946	1.04449	1.04393	1.04308	1.04162	1.04646	1.04693	1.04438
24432	1.05075	1.04432	1.04419	1.04725	1.04785	1.04609	1.04508	1.05055	1.04881	1.0484
24433	1.0532	1.03881	1.04834	1.05162	1.0503	1.04828	1.04654	1.05228	1.04917	1.04889
24434	1.05465	1.03168	1.05029	1.05134	1.05038	1.04701	1.04727	1.05173	1.04682	1.04739
24435	1.05355	1.02315	1.05012	1.04835	1.04983	1.04526	1.04584	1.05022	1.04329	1.04363
24436	1.051	1.01386	1.04807	1.04794	1.04717	1.04142	1.04169	1.04642	1.0379	1.03963
24437	1.04852	1.00614	1.04517	1.04193	1.04197	1.0362	1.03587	1.04041	1.0331	1.03497
24438	1.04238	0.99979	1.03893	1.03535	1.0354	1.03	1.03047	1.03568	1.02633	1.02782
24439	1.03415	0.99185	1.03154	1.02224	1.02953	1.02329	1.02526	1.02858	1.01804	1.02228
24440	1.02499	0.98606	1.02389	1.01643	1.02263	1.0167	1.01767	1.01939	1.01015	1.01472
24441	1.01569	0.98115	1.01699	1.00798	1.01573	1.00952	1.00961	1.01171	1.00407	1.00756
24442	1.00676	0.9769	1.00898	1.00212	1.00951	1.00245	1.00255	1.00559	0.99831	1.00082
24443	0.9985	0.97424	1.00267	0.9978	1.00257	0.99704	0.99719	0.99953	0.99107	0.99427
24444	0.99107	0.97203	0.9966	0.98952	0.99661	0.99109	0.99248	0.9925	0.98638	0.99062
24445	0.98602	0.9729	0.98985	0.98532	0.99159	0.98735	0.98823	0.98538	0.98351	0.9856
24446	0.98068	0.97216	0.98482	0.98005	0.98594	0.98411	0.98393	0.98248	0.98082	0.98215
24447	0.97704	0.97139	0.9811	0.97724	0.98087	0.97988	0.98051	0.97989	0.97896	0.97815
24448	0.97312	0.97307	0.97789	0.97657	0.97848	0.97668	0.97699	0.97545	0.97766	0.97523
24449	0.96833	0.97424	0.97535	0.97714	0.97808	0.97487	0.97551	0.97288	0.97531	0.97539
24450	0.9701	0.97577	0.97443	0.97619	0.97662	0.97468	0.97424	0.97117	0.97748	0.97504
24451	0.96771	0.97895	0.97394	0.97638	0.97613	0.97384	0.97391	0.97	0.97741	0.97544
24452	0.96762	0.98199	0.97386	0.97561	0.9757	0.97508	0.97605	0.97297	0.97794	0.97713
24453	0.97007	0.98368	0.97523	0.97685	0.97793	0.97676	0.977	0.97119	0.97886	0.97797
24454	0.97158	0.98694	0.97608	0.97866	0.97875	0.97857	0.97679	0.97492	0.98169	0.97842
24455	0.97159	0.99017	0.9779	0.98007	0.97917	0.9783	0.97868	0.97713	0.98437	0.97958
24456	0.97407	0.99189	0.97746	0.98241	0.98075	0.98054	0.9806	0.97848	0.9828	0.98159
24457	0.97661	0.99377	0.97964	0.98536	0.98272	0.98268	0.98284	0.98223	0.98884	0.98263
24458	0.98005	0.99663	0.98246	0.98724	0.98724	0.9851	0.98465	0.9836	0.99023	0.9859
24459	0.98117	1.00223	0.9853	0.9885	0.99028	0.98726	0.98624	0.98579	0.99371	0.98697
24460	0.98403	1.00364	0.98597	0.99032	0.98872	0.98963	0.98851	0.98755	0.99367	0.98972
24461	0.98628	1.00669	0.98888	0.99354	0.99321	0.99083	0.99034	0.99044	0.99406	0.99196
24462	0.9891	1.0113	0.98963	0.99621	0.9953	0.99332	0.99341	0.99323	0.99572	0.99484
24463	0.99196	1.01174	0.9925	0.99833	0.99516	0.99464	0.99589	0.99517	0.99825	0.9975
24464	0.99391	1.01591	0.99676	1.00056	1.0012	0.99618	1.00216	0.99774	1.002	0.99846
24465	0.99635	1.01668	0.9972	1.00339	1.00151	0.99943	1.00385	1.00129	1.00476	1.00177
24466	0.99965	1.01825	0.99953	1.00562	1.00421	1.00469	1.00482	1.00391	1.00493	1.00231
24467	1.00256	1.02017	1.00095	1.00833	1.00722	1.00527	1.00735	1.00518	1.0083	1.00737
24468	1.00375	1.02162	1.00545	1.00964	1.00887	1.00932	1.00949	1.00705	1.00991	1.00912
24469	1.00688	1.02324	1.0078	1.01278	1.01157	1.00816	1.0093	1.00881	1.01105	1.00842
24470	1.00828	1.02431	1.01017	1.01358	1.01324	1.00889	1.01129	1.01096	1.01384	1.01387
24471	1.01035	1.02447	1.01091	1.01581	1.01458	1.01315	1.01439	1.01428	1.01564	1.01449
24472	1.01298	1.02433	1.01308	1.01662	1.01691	1.01579	1.01368	1.01547	1.01733	1.01538
24473	1.01541	1.0221	1.01536	1.01615	1.01769	1.01651	1.01733	1.01666	1.01869	1.01762
24474	1.01741	1.02136	1.01533	1.02005	1.01878	1.01701	1.01799	1.01921	1.02029	1.01725
24475	1.01913	1.02047	1.01846	1.02248	1.02084	1.01827	1.01744	1.0215	1.02087	1.0197
24476	1.02143	1.01854	1.02	1.01966	1.02063	1.02005	1.01877	1.02206	1.0209	1.02021
24477	1.02355	1.01658	1.02026	1.02115	1.0214	1.02019	1.01856	1.02192	1.02096	1.02159
24478	1.02605	1.01497	1.02146	1.02051	1.02155	1.02119	1.01907	1.02235	1.01925	1.02049
24479	1.02498	1.01245	1.0232	1.02069	1.02035	1.02148	1.02057	1.02328	1.01896	1.01923
24480	1.02437	1.0109	1.02178	1.0206	1.02051	1.02146	1.01919	1.02154	1.01775	1.01714
24481	1.02372	1.00888	1.02332	1.01985	1.02028	1.02054	1.01795	1.02087	1.01664	1.01656
24482	1.02295	1.00587	1.02304	1.01718	1.01833	1.01966	1.01818	1.02038	1.01571	1.01621
24483	1.02198	1.0029	1.02201	1.01589	1.01734	1.017	1.01737	1.01831	1.01432	1.01256
24484	1.01907	1.00099	1.01981	1.01287	1.01566	1.01496	1.01448	1.01729	1.01139	1.0102
24485	1.01846	1.00067	1.01658	1.01305	1.01315	1.01261	1.01207	1.01518	1.00924	1.00907
24486	1.01751	0.99927	1.01456	1.00845	1.01203	1.00994	1.0093	1.01387	1.00581	1.00723
24487	1.01261	0.99569	1.01233	1.00676	1.00982	1.00791	1.0055	1.01216	1.00403	1.00547
24488	1.0089	0.9944	1.00974	1.00343	1.00629	1.00636	1.00345	1.009	1.00343	1.00091
24489	1.00701	0.99321	1.00488	1.00145	1.00342	1.00333	1.00137	1.00499	0.99882	0.99916
24490	1.0035	0.99122	1.0006	0.99832	0.99994	1.00041	0.99806	1.00306	0.99776	0.99671
24491	1.00067	0.99151	0.99754	0.99602	0.99825	0.99883	0.99715	0.99888	0.99403	0.99359
24492	0.9981	0.99255	0.99562	0.99369	0.99598	0.99721	0.99509	0.99753	0.993	0.99282
24493	0.99558	0.99214	0.99527	0.99203	0.99478	0.99457	0.99334	0.99445	0.99364	0.99125
24495	0.98916	0.99108	0.99255	0.99242	0.99384	0.99259	0.99203	0.98973	0.98894	0.99023
24496	0.9867	0.99185	0.98924	0.99129	0.99223	0.99127	0.98971	0.99134	0.98983	0.99055
24497	0.98723	0.9922	0.98851	0.98996	0.99114	0.99004	0.98876	0.99233	0.98877	0.98849
24498	0.98542	0.99397	0.98748	0.98973	0.98877	0.98929	0.98899	0.99	0.98809	0.98695
24499	0.98622	0.99648	0.98667	0.98868	0.98925	0.98798	0.98783	0.98844	0.98985	0.98729
24500	0.98375	0.99925	0.988	0.98835	0.99002	0.98629	0.98843	0.98888	0.98923	0.98901
24501	0.98426	0.99835	0.98716	0.98872	0.98736	0.98708	0.98888	0.98878	0.98794	0.98929
