11550.014	0.044375376	0.044665908	0.042694164	0.044471802	0.043951884	0.045673944	0.044350365	0.044212369	0.043053047	0.044625777	0.044617045	0.048661936	0.045315112	0.045593756	0.04575384	0.044392381	0.045882467	0.044310111	0.044735374	0.047946688	0.045706795	0.045746469	0.046617029	0.046169275	0.044385012	0.045805212	0.044461673	0.044977995	0.043964823	0.044197614	0.046883945
11550.498	0.047152748	0.047322184	0.046382059	0.046185675	0.045778714	0.046990074	0.046450091	0.045725361	0.047498565	0.04820691	0.046927493	0.050952471	0.045747998	0.048198879	0.047413683	0.047167319	0.047794238	0.04736952	0.047780444	0.048695762	0.047213815	0.048828279	0.048157357	0.047522955	0.045670681	0.047491294	0.047538901	0.04562083	0.047091875	0.046413632	0.048234898
11551.012	0.050540038	0.049210272	0.049708964	0.048494013	0.049330954	0.048192427	0.049766469	0.050219689	0.051224864	0.050249194	0.050079914	0.054407205	0.048416747	0.051457329	0.050686304	0.049783439	0.050839425	0.049598359	0.051250356	0.050777077	0.049811364	0.052844717	0.049835957	0.050541092	0.049358362	0.049547833	0.05049997	0.0483484	0.051158515	0.050218397	0.050482644
11551.495	0.052695746	0.052424903	0.051134671	0.051437775	0.052580219	0.051600346	0.053807268	0.053598137	0.053536866	0.052502907	0.052110117	0.057018787	0.051678373	0.054430974	0.054065022	0.052678689	0.052702333	0.052758779	0.052854142	0.054365088	0.052613441	0.056224404	0.05283293	0.052775494	0.053920781	0.052664723	0.053497058	0.053234359	0.053858753	0.053321498	0.053649996
11552.011	0.056235559	0.056349347	0.055201446	0.055616985	0.055628296	0.0561782	0.057365396	0.055937877	0.058272227	0.056883151	0.057151145	0.059317136	0.055928273	0.056375772	0.055980968	0.055502517	0.056551504	0.058201553	0.056592065	0.05747027	0.0554796	0.060061903	0.05732573	0.055966199	0.056340738	0.057500868	0.057975724	0.056395477	0.057371405	0.056427289	0.058124924
11552.493	0.060017208	0.059241466	0.057913801	0.059923546	0.059056265	0.059454276	0.060698944	0.060340884	0.060165096	0.05979376	0.060933848	0.063919467	0.060558092	0.060210458	0.060547238	0.059952766	0.061043449	0.060561126	0.05835653	0.059649809	0.059390196	0.063219236	0.060491916	0.060001349	0.059201439	0.059902034	0.061760923	0.059533519	0.060395612	0.059438246	0.062982501
11553.009	0.063950903	0.062870636	0.061185195	0.065215991	0.062904212	0.065019543	0.065562217	0.063513266	0.063757657	0.064658224	0.066293322	0.067210371	0.065402577	0.064708336	0.066014386	0.065158938	0.065807116	0.064359493	0.062638343	0.065310991	0.064685971	0.067949449	0.064722532	0.066338027	0.065564992	0.064865571	0.066602881	0.064151252	0.065339855	0.065358551	0.065935887
11553.492	0.070000736	0.067010532	0.067003488	0.068189942	0.068621283	0.069256796	0.069088308	0.067488052	0.069904859	0.070554619	0.07068328	0.070425751	0.070787629	0.070177384	0.070227679	0.068587314	0.070339064	0.067503135	0.067664789	0.071297824	0.069764174	0.071537688	0.06975719	0.070287267	0.068563865	0.069915962	0.069529741	0.070017426	0.069951611	0.071437831	0.069106534
11554.006	0.073728324	0.073597701	0.071137616	0.072571461	0.073322351	0.075044246	0.074435842	0.073724932	0.073947165	0.073883466	0.075851945	0.076863966	0.075369421	0.076087579	0.076145434	0.073093476	0.076959319	0.073458666	0.073767243	0.07505276	0.076201463	0.076427121	0.075267793	0.074676177	0.0739694	0.074336212	0.075103605	0.076085911	0.076079039	0.074942776	0.07514836
11554.49	0.080664818	0.079153692	0.075622486	0.078020501	0.077604864	0.081290846	0.080841713	0.07843624	0.078104038	0.07869334	0.080339598	0.082200987	0.08135957	0.081680314	0.081682302	0.078417739	0.082513982	0.079711794	0.08094797	0.080584635	0.081278805	0.081470598	0.081070253	0.080253355	0.079520608	0.081525503	0.082030409	0.082028521	0.080903595	0.078655231	0.081694857
11555.006	0.086491272	0.084773389	0.083949775	0.084031651	0.083879207	0.086575038	0.08653987	0.085763259	0.084729851	0.08533379	0.087693971	0.087996844	0.087102086	0.087191986	0.088606025	0.085111697	0.087483182	0.086942647	0.087368824	0.08801813	0.086926029	0.087446771	0.086678778	0.085652945	0.087744738	0.088485866	0.090409875	0.087765716	0.087349227	0.086733279	0.089717792
11555.489	0.092940394	0.091129278	0.090871599	0.0918995	0.091251624	0.093849522	0.093885294	0.09302627	0.09242421	0.093259922	0.095378673	0.09566488	0.092866281	0.094163492	0.094760967	0.092432564	0.093957453	0.094088169	0.093716318	0.09477563	0.0947826	0.095228243	0.096014134	0.093342564	0.094745906	0.094632874	0.096101559	0.094339588	0.09516122	0.094979581	0.095046044
11556.004	0.10139366	0.099563056	0.097624752	0.1005718	0.10001089	0.10286529	0.10358544	0.10052316	0.10224008	0.10103792	0.10333874	0.10410993	0.10361725	0.10216275	0.1024279	0.10179997	0.10286894	0.10375754	0.1031008	0.10350709	0.10311668	0.10500972	0.10356189	0.10252233	0.10226035	0.10283302	0.1037873	0.1024288	0.10401452	0.1034955	0.10423625
11556.487	0.11105769	0.1093356	0.10601966	0.10869402	0.10805654	0.11156911	0.1101811	0.11095017	0.11111572	0.11061279	0.11190588	0.11364507	0.11277281	0.11100724	0.11131008	0.11014195	0.11175934	0.11262214	0.11053126	0.11335744	0.11255868	0.11429868	0.11263883	0.11022231	0.11168685	0.1107015	0.11370971	0.11224932	0.11322546	0.11296138	0.11342292
11557.003	0.12020907	0.12024933	0.1178281	0.11927805	0.1174523	0.1217642	0.11969563	0.12263436	0.12121119	0.12342434	0.12182091	0.12554834	0.12307439	0.12264432	0.123612	0.12009917	0.12315631	0.12353278	0.12237492	0.12321222	0.12313688	0.12306274	0.12344777	0.12155664	0.12390791	0.12273815	0.12486566	0.12291233	0.12325709	0.12290042	0.12102668
11557.518	0.13284067	0.13262794	0.13046415	0.13103642	0.13125851	0.13447491	0.13418173	0.1356323	0.13440706	0.13480939	0.13570827	0.13879232	0.13619037	0.13388742	0.13660559	0.13493193	0.13633406	0.13531853	0.13548552	0.13799026	0.13555741	0.13682318	0.13445052	0.13689202	0.13487772	0.1366128	0.13624643	0.13659334	0.13583407	0.1351639	0.13480756
11558.001	0.14517383	0.1451488	0.14317037	0.14443964	0.1466078	0.1464798	0.14789704	0.14933566	0.14900726	0.14938763	0.1478984	0.15215976	0.14954169	0.14800055	0.15038927	0.14854794	0.14948431	0.14810518	0.14927397	0.15140658	0.14959018	0.15128256	0.14918629	0.14870823	0.14921976	0.14842743	0.15031186	0.14928256	0.15123524	0.14867118	0.1507887
11558.517	0.16235285	0.159891	0.15841562	0.15947293	0.16140261	0.16359792	0.16621155	0.16663355	0.16447597	0.16791701	0.16498366	0.16763138	0.16733429	0.1647877	0.16755474	0.16562164	0.16545964	0.16660606	0.16582572	0.16810213	0.1662285	0.16891827	0.16696964	0.16469436	0.16741832	0.16569346	0.16581953	0.16606673	0.16821363	0.16627842	0.16750433
11559.001	0.18104572	0.17629703	0.17428374	0.17683911	0.17951968	0.1849815	0.18616136	0.18563377	0.18290822	0.1851521	0.18466846	0.18627017	0.18400066	0.18294525	0.18613345	0.18321998	0.18475619	0.18587933	0.18325112	0.18648252	0.18393012	0.18660185	0.18458881	0.18541957	0.18392757	0.18636611	0.18443241	0.18572618	0.18725288	0.18518541	0.18530331
11559.517	0.20200041	0.19828034	0.19790886	0.19924218	0.20151644	0.20994284	0.20870694	0.20756913	0.20915434	0.20917568	0.20740378	0.21177883	0.20880037	0.20690391	0.21027748	0.20549068	0.20786553	0.21036614	0.2092832	0.21030372	0.20920961	0.20870047	0.20864441	0.20920801	0.2092981	0.21055488	0.20933819	0.2097027	0.21013007	0.20964131	0.21043272
11560	0.22635214	0.22472999	0.2229916	0.22274544	0.22526635	0.23542173	0.23434674	0.23269659	0.23506322	0.23427764	0.23509678	0.23799112	0.23434482	0.23347612	0.23686064	0.23384367	0.23442294	0.23680219	0.23584631	0.23677801	0.23442061	0.23700097	0.235495	0.23609656	0.23654186	0.2347273	0.23723666	0.23612826	0.23732446	0.23703922	0.23622045
11560.516	0.25669002	0.25594715	0.25333308	0.2540094	0.25777165	0.26968985	0.26858438	0.26751764	0.26844752	0.26884862	0.26947524	0.27122574	0.26770388	0.26942235	0.2710249	0.2674546	0.27122899	0.27045541	0.26795395	0.27125017	0.26832473	0.27249732	0.27075051	0.26881256	0.27109145	0.27101745	0.27018682	0.26908377	0.27089405	0.2707008	0.26930146
11561	0.29331621	0.2908134	0.28803574	0.28911454	0.29630644	0.3087101	0.30758559	0.30575089	0.30686934	0.31027191	0.30792768	0.3095857	0.30765003	0.30816553	0.31017979	0.30574009	0.3080312	0.30886599	0.30532442	0.31143938	0.30818127	0.31139792	0.30705089	0.30604124	0.30730775	0.30817026	0.31070942	0.30785905	0.31045804	0.31044118	0.30904893
11561.517	0.34055341	0.33779137	0.33462748	0.33513139	0.34545104	0.35627725	0.36044327	0.35408192	0.3579198	0.36090657	0.35649361	0.3612787	0.35915559	0.35614163	0.36073561	0.35805294	0.35878193	0.35932182	0.35698091	0.36043111	0.35867929	0.35960859	0.35879653	0.35758596	0.35984047	0.36057846	0.3598816	0.35859199	0.36066518	0.36166893	0.36050649
11561.999	0.39448478	0.38852104	0.38704855	0.38975825	0.39732855	0.41360153	0.41685986	0.41367327	0.41567804	0.41545622	0.41418731	0.41772409	0.41748569	0.41495696	0.41704988	0.41193552	0.41646364	0.41666446	0.41128822	0.41807867	0.41426094	0.41735549	0.41609264	0.41657659	0.41515503	0.41824146	0.41965726	0.41721807	0.4194902	0.41787859	0.41835812
11562.516	0.46120365	0.45765443	0.45435721	0.45410313	0.46864948	0.48963328	0.48922461	0.48789273	0.48829641	0.48818167	0.49031748	0.49049925	0.49168618	0.48884903	0.49091213	0.48797116	0.48752083	0.48981491	0.4857075	0.49304993	0.49134867	0.49154435	0.49024482	0.48955487	0.49047338	0.48687939	0.49298857	0.4914651	0.49563599	0.49250816	0.49388333
11563	0.538132	0.53678037	0.52993363	0.52682257	0.54672581	0.57135452	0.56930225	0.56858749	0.5664888	0.5725469	0.57007063	0.57308265	0.57200088	0.56977333	0.57412481	0.57566969	0.57019942	0.57039159	0.57008314	0.57198626	0.57335639	0.57108386	0.57148971	0.57108278	0.57019316	0.57165101	0.57166462	0.57108746	0.57288969	0.5738076	0.57364198
11563.516	0.63159084	0.62938897	0.62291201	0.62138129	0.64376529	0.67101524	0.6702245	0.66873688	0.66854747	0.67231444	0.669349	0.67162938	0.67314411	0.66853302	0.67217202	0.67310663	0.67118365	0.6727295	0.67330777	0.6714046	0.67216002	0.67673455	0.67494046	0.67026275	0.67498027	0.67536517	0.67280668	0.67583275	0.67050559	0.67499694	0.67384645
11564	0.73311653	0.71988932	0.72192029	0.71989475	0.74843698	0.77423569	0.77099243	0.77323688	0.77268616	0.77300095	0.77256517	0.7742534	0.77433475	0.77495802	0.77718811	0.77194194	0.77744961	0.77673423	0.77568924	0.77749269	0.7790753	0.78059274	0.77384367	0.77420042	0.7782993	0.77520441	0.78007093	0.77781701	0.77669177	0.77877581	0.77751005
11564.515	0.84694859	0.82847121	0.83171985	0.8312503	0.85494251	0.8849727	0.88544465	0.88740227	0.88252624	0.8852098	0.88628737	0.8874832	0.88815513	0.88980399	0.88812654	0.88497809	0.88981737	0.886747	0.8904295	0.88750632	0.89095642	0.88904876	0.89150536	0.89234496	0.88651573	0.89271966	0.88887013	0.88990206	0.88866819	0.88848635	0.88664067
11565.001	0.95455188	0.94722197	0.93361434	0.93285214	0.95587899	0.98292518	0.98693825	0.98403371	0.98314486	0.98438022	0.98507056	0.98944709	0.98795957	0.98802129	0.98839996	0.98302598	0.9891765	0.98877204	0.98969356	0.9865324	0.98841983	0.99285538	0.99013023	0.98938875	0.98809422	0.98944736	0.98760887	0.99079857	0.99124875	0.98887596	0.98858558
11565.516	1.0580195	1.0458921	1.0335509	1.0311202	1.0546878	1.0761301	1.0775339	1.0729279	1.0754086	1.0765995	1.0783855	1.0785749	1.0793272	1.0789619	1.0812782	1.0768886	1.0805275	1.0807574	1.0791399	1.0770765	1.0776436	1.077197	1.0803753	1.0798871	1.0792627	1.0783023	1.0775558	1.080863	1.0840175	1.0814207	1.0805338
11566.001	1.1379302	1.1213279	1.1122056	1.1091223	1.1243427	1.142161	1.141828	1.140097	1.1384723	1.1416569	1.14144	1.1384142	1.1432296	1.1428961	1.1433904	1.1411898	1.1415213	1.1432854	1.1413715	1.1392267	1.1404305	1.1395617	1.1405502	1.1403507	1.1412731	1.1413867	1.1396037	1.144609	1.1442363	1.1412995	1.140855
11566.517	1.1991076	1.1812147	1.1682091	1.168631	1.1765302	1.1841705	1.182837	1.1824264	1.1811463	1.1831783	1.1813121	1.1794314	1.1842642	1.1813561	1.1839085	1.1818829	1.1834722	1.183534	1.1817814	1.183625	1.1815623	1.182282	1.1796555	1.1817944	1.1806683	1.181814	1.1789318	1.1848951	1.1840438	1.181586	1.1813688
11567.001	1.2333287	1.2090977	1.1966083	1.1968935	1.198065	1.2009225	1.1987614	1.2002669	1.1972589	1.2000043	1.1977818	1.1974589	1.1986905	1.1964936	1.1975566	1.1979289	1.1988364	1.1983211	1.198927	1.1995681	1.1968525	1.1978308	1.1962973	1.2003058	1.196793	1.196073	1.1944743	1.1984327	1.1977425	1.1982547	1.1964543
11567.517	1.2472179	1.2200879	1.2100083	1.2090512	1.2006464	1.1983435	1.1968785	1.1979079	1.1948479	1.1982021	1.1959958	1.1968508	1.1970273	1.196865	1.1969763	1.1961649	1.1993866	1.1965279	1.1971099	1.1968033	1.1953434	1.198162	1.1980651	1.1986656	1.1952051	1.1941174	1.1936858	1.1971581	1.1967672	1.1946949	1.1946307
11568.003	1.2447975	1.2195829	1.2091253	1.206335	1.1916745	1.1852818	1.1841789	1.1838534	1.1833103	1.1851639	1.1840686	1.1849266	1.1852757	1.1836286	1.1862568	1.183145	1.1874028	1.1847081	1.1841987	1.1833044	1.1836458	1.1854434	1.1860343	1.1843724	1.1833639	1.182367	1.1828013	1.1852063	1.1852844	1.1833321	1.1819784
11568.519	1.2306878	1.2041585	1.1952852	1.1935237	1.17598	1.1672693	1.1656697	1.1668423	1.164393	1.1658145	1.1644027	1.1649884	1.1656287	1.163612	1.1646452	1.1642158	1.1659435	1.1646198	1.1646362	1.1627917	1.163592	1.1657737	1.1645096	1.1631292	1.1643717	1.1627276	1.1631478	1.1659347	1.1645369	1.1650042	1.1633149
11569.003	1.2095421	1.1846446	1.179425	1.1776308	1.1580875	1.1476248	1.1460474	1.1448682	1.1448404	1.1450886	1.144079	1.1453404	1.1456234	1.1428448	1.143	1.1431688	1.144792	1.1442151	1.1435037	1.1427003	1.1436562	1.1459918	1.1453907	1.1435429	1.1425089	1.1431544	1.1420102	1.1461928	1.1430803	1.1432081	1.1428513
11569.488	1.1873943	1.1659974	1.1598044	1.1588684	1.1394275	1.1272423	1.1252376	1.1233656	1.1233951	1.1243019	1.1223232	1.1256216	1.1240742	1.1221889	1.1227126	1.1232044	1.1243029	1.1237542	1.1237334	1.1232067	1.1242558	1.124086	1.1258002	1.1237129	1.1229224	1.1239526	1.1213256	1.1238768	1.1226846	1.1217596	1.1214158
11570.003	1.1639674	1.1457893	1.1402498	1.1404006	1.1192968	1.1062162	1.1062307	1.1052266	1.1020519	1.1043374	1.1022004	1.103474	1.1034708	1.1031286	1.1023704	1.1038675	1.1052684	1.1041462	1.1042893	1.1026359	1.1048858	1.104002	1.1061115	1.1046923	1.1025306	1.1044212	1.1005716	1.1034083	1.1040395	1.1032161	1.1020381
11570.489	1.1427637	1.1276907	1.1239911	1.123516	1.101969	1.0890149	1.0893177	1.0896685	1.0872642	1.0868178	1.0875003	1.0853189	1.0870142	1.0866632	1.0856135	1.0869343	1.0879901	1.0867401	1.0866976	1.0860402	1.087718	1.0873443	1.0878716	1.0867637	1.0875124	1.085928	1.0836708	1.0869928	1.0864804	1.0880767	1.0853533
11571.005	1.1217464	1.1119939	1.1094014	1.1093039	1.0875422	1.0745616	1.0719819	1.074512	1.0717006	1.0712569	1.0716763	1.0717881	1.0723236	1.0714405	1.0720747	1.0733496	1.0747001	1.0707518	1.0704481	1.0702624	1.0703508	1.0720132	1.0719429	1.0707977	1.0717682	1.0720078	1.070007	1.0694692	1.0714237	1.0715974	1.0701501
11571.49	1.1021258	1.0978883	1.0980181	1.0978133	1.0759341	1.0622892	1.060032	1.0607332	1.0585024	1.0600137	1.0583136	1.0586306	1.060361	1.0582062	1.0579033	1.0605825	1.062822	1.0586757	1.0579328	1.0568122	1.0580042	1.0589474	1.0599301	1.0593094	1.0590796	1.0594166	1.0572084	1.0580636	1.0598527	1.0595831	1.0579033
11572.006	1.086131	1.0840467	1.0844476	1.0849077	1.0655453	1.0519399	1.0507637	1.0500258	1.0483393	1.0500044	1.0485355	1.0458829	1.0497186	1.0480817	1.048014	1.0505931	1.0508605	1.0490609	1.0493865	1.0476508	1.049977	1.0498416	1.0479696	1.0490731	1.0500335	1.047043	1.0458818	1.0487368	1.0475374	1.0479526	1.0474067
11572.492	1.0744042	1.0757005	1.0757088	1.0769665	1.0574287	1.0438665	1.0448905	1.0427259	1.0414933	1.0413821	1.0410112	1.0413996	1.0423441	1.04047	1.0409538	1.0426264	1.0427111	1.0419464	1.0410818	1.0409355	1.0431313	1.0424718	1.0433986	1.0407354	1.0426847	1.0403795	1.0377301	1.0390407	1.0394481	1.039713	1.0390753
11573.008	1.061216	1.0649466	1.0663247	1.0663993	1.0484508	1.0342534	1.0364881	1.0321163	1.0325492	1.0311143	1.032048	1.0341053	1.03251	1.0327031	1.0319651	1.0326978	1.033878	1.0325706	1.0318946	1.0304969	1.031373	1.033784	1.0350288	1.0332713	1.0321053	1.0314061	1.0314285	1.0303455	1.0313811	1.0300683	1.0299096
11573.494	1.0474198	1.0525795	1.0544342	1.0547219	1.0395162	1.0257889	1.0260464	1.023849	1.0215484	1.0236805	1.0229886	1.0225979	1.0230394	1.0232208	1.0229611	1.0230617	1.0227184	1.0238084	1.0228027	1.0208988	1.021455	1.024709	1.0228848	1.0240238	1.0226202	1.0232432	1.0224176	1.0213029	1.0223885	1.0210289	1.021087
11574.01	1.0350981	1.0416254	1.0432518	1.0439613	1.0278944	1.0160592	1.0161918	1.0182965	1.01111	1.0160952	1.0127893	1.0126991	1.0153903	1.0129348	1.01358	1.0126467	1.0150562	1.013613	1.01186	1.0111638	1.0136633	1.0149367	1.0133617	1.0138192	1.0147666	1.0140348	1.0102704	1.0125263	1.0121024	1.0129471	1.0114699
11574.494	1.0256987	1.0319176	1.0352211	1.0332159	1.0180099	1.006974	1.0082685	1.0080494	1.0042687	1.0085022	1.0055062	1.0061484	1.0081364	1.0036105	1.006795	1.0044489	1.0068786	1.0047555	1.0033676	1.0028279	1.0060979	1.0072729	1.0056219	1.0056393	1.0053512	1.0054368	1.0026112	1.0051848	1.0051926	1.0030434	1.0020379
11575.012	1.0159699	1.02308	1.0252064	1.0236353	1.0097354	1.0002836	1.0013412	0.99914518	0.99638065	0.99873046	0.99921672	0.99852498	1.0001766	0.99547799	0.9988567	0.99671929	0.99934729	0.99790607	0.99528989	0.99593036	0.99732566	0.99856808	0.99712254	0.99730884	0.99865057	0.99798168	0.99590182	0.9980541	0.99859682	0.99585787	0.99461203
11575.529	1.0065346	1.0151135	1.0155435	1.016955	1.002274	0.99386995	0.99538132	0.99510182	0.99034733	0.99228669	0.99024513	0.99141793	0.99465687	0.9903519	0.9925334	0.99083942	0.99391507	0.99274548	0.99136683	0.99075589	0.99174228	0.99285585	0.99285588	0.99280082	0.99212166	0.99112387	0.98848208	0.99223608	0.99150849	0.99057896	0.98814353
11576.079	0.99804739	1.0054166	1.006503	1.0091938	0.99734014	0.9887721	0.98952628	0.9893438	0.98744855	0.98769677	0.98549437	0.9855776	0.98783258	0.98456251	0.98674912	0.98604777	0.98725336	0.98607409	0.9858345	0.98435057	0.98668266	0.98698795	0.98811892	0.98718234	0.98735321	0.983649	0.9834044	0.98559083	0.98416022	0.98448794	0.98310602
11576.63	0.9913889	0.99904409	0.9985208	1.0008807	0.99157086	0.9849604	0.98577566	0.98407529	0.98335377	0.98263	0.98357689	0.98083524	0.98252207	0.98072895	0.98223742	0.98204968	0.98379224	0.9820544	0.97956457	0.98109718	0.98185072	0.98215697	0.98130994	0.9817493	0.98286983	0.97925512	0.9802433	0.98149876	0.98018367	0.98058592	0.97992373
11577.178	0.98712702	0.99494032	0.99476139	0.99480637	0.9864132	0.98106818	0.98225057	0.98080095	0.97909226	0.98033577	0.97803096	0.97732126	0.98053085	0.97817993	0.97967074	0.97972665	0.97908211	0.97959273	0.97671569	0.97934366	0.97927353	0.98205292	0.97803806	0.98047234	0.97988799	0.9785876	0.97734591	0.97831267	0.97869299	0.9767264	0.97649028
11577.761	0.97891065	0.99001966	0.99119681	0.99070429	0.98358808	0.97860706	0.97950718	0.9789018	0.9768706	0.9785467	0.97701204	0.97633005	0.97858223	0.97683451	0.97672048	0.97809192	0.9764295	0.97640906	0.9754369	0.97616918	0.9765721	0.98146617	0.97618095	0.97827357	0.97829784	0.97672728	0.97684539	0.9769509	0.97685687	0.97583637	0.97488481
11578.343	0.97660955	0.98558888	0.98634858	0.98702884	0.98160459	0.97629072	0.97976307	0.97860781	0.97682623	0.97710714	0.97690177	0.97735459	0.97672704	0.97614417	0.97445207	0.9775982	0.97760804	0.97739321	0.97490816	0.97482677	0.97714861	0.97916751	0.97596925	0.97795468	0.97662393	0.97543435	0.97565506	0.97908831	0.97617608	0.97788103	0.97548593
11578.925	0.97495214	0.98374779	0.98272198	0.98428083	0.98154142	0.97806068	0.97974904	0.97848891	0.97607767	0.97619177	0.97559138	0.97630169	0.97836403	0.97645912	0.97513326	0.97706389	0.97661694	0.9795143	0.97674413	0.97592006	0.97720749	0.97708463	0.97597595	0.97847975	0.9756994	0.97734662	0.97467911	0.9795577	0.97629747	0.97693755	0.97557075
11579.539	0.97045637	0.98047186	0.9789457	0.98035692	0.9784346	0.98097587	0.97986168	0.97769435	0.97744893	0.97652081	0.97601053	0.97598976	0.97890136	0.9770812	0.97732225	0.97841823	0.97741555	0.97799845	0.97735031	0.97681065	0.97610624	0.97746174	0.97791176	0.97764857	0.97715088	0.9778375	0.97654513	0.97757621	0.97811421	0.97775001	0.97472556
11580.187	0.96742855	0.97497443	0.97455729	0.97583659	0.97572738	0.97880702	0.98030074	0.97907439	0.97814578	0.97845537	0.97720198	0.97748676	0.97717906	0.97569075	0.9783521	0.98010117	0.97790711	0.97838949	0.97754877	0.97571775	0.97817102	0.9784837	0.97923955	0.97983386	0.97867863	0.97671957	0.97663576	0.97833363	0.97931402	0.97849992	0.97774581
11580.802	0.96652075	0.97276105	0.97071121	0.97218038	0.97535201	0.97947333	0.98028861	0.97950579	0.97657762	0.97943465	0.97800823	0.97753674	0.97816486	0.97621635	0.97831152	0.97832528	0.97802102	0.97920715	0.9771036	0.97712317	0.97806994	0.97852497	0.9787533	0.97887051	0.97752255	0.97679571	0.97803658	0.97874877	0.97894995	0.97825211	0.97855211
11581.449	0.96143608	0.96844856	0.96653741	0.96955457	0.97380271	0.97724304	0.97797565	0.97682474	0.97392292	0.97655174	0.97580317	0.97559319	0.97697522	0.97660476	0.97737342	0.9772877	0.97871859	0.97739538	0.97592499	0.97709825	0.97662411	0.9794046	0.97683309	0.97750379	0.97805229	0.97669046	0.97871806	0.97751853	0.97793113	0.97732038	0.97648671
11582.097	0.95669289	0.96145934	0.96361052	0.9640272	0.97013102	0.97121803	0.97447918	0.97449518	0.96904758	0.97423494	0.97406193	0.97288513	0.97491539	0.97470495	0.97466176	0.9748977	0.97340415	0.97501511	0.97421024	0.97455462	0.97483947	0.97687451	0.97474906	0.977382	0.975186	0.97274232	0.97496706	0.97558455	0.97657411	0.97374169	0.9731746
11582.776	0.95342873	0.96031441	0.95814773	0.95926585	0.96475853	0.97096117	0.96963874	0.97165866	0.96867058	0.97336911	0.97101327	0.96925034	0.97180177	0.96983734	0.97071381	0.96975225	0.96759501	0.97102656	0.96950851	0.97208881	0.97073746	0.97196324	0.97181972	0.97349404	0.97066297	0.96875415	0.97139004	0.97186404	0.97414423	0.97068892	0.9700764
11583.456	0.94854917	0.95528036	0.95492991	0.95470482	0.96046844	0.96761057	0.96609025	0.96505524	0.96597501	0.96786998	0.9667081	0.96584488	0.96653725	0.96429513	0.96685285	0.96578808	0.967005	0.96560369	0.96666204	0.96546536	0.967134	0.96840385	0.96776357	0.96911556	0.96832515	0.96623145	0.96702817	0.96869908	0.96778688	0.9659115	0.96565725
11584.168	0.94468162	0.94996987	0.95145659	0.95175535	0.95566224	0.96033124	0.96015414	0.96077616	0.95946396	0.96144224	0.9603805	0.96259336	0.96023484	0.95990967	0.96158318	0.96152768	0.96478137	0.9602708	0.96256128	0.96156131	0.9632731	0.96337122	0.96315952	0.96417531	0.96367918	0.96113066	0.96261706	0.96363984	0.96257631	0.96301094	0.96314449
11584.848	0.94427749	0.94859105	0.94955518	0.95078213	0.95115072	0.95865937	0.95699569	0.95822723	0.95816394	0.95939103	0.9591301	0.95769273	0.9587449	0.95777164	0.95981945	0.95832714	0.95981582	0.95910774	0.95840192	0.96024687	0.96025452	0.95892666	0.95924831	0.96007089	0.96003143	0.95865161	0.96016421	0.96020366	0.96062916	0.96073134	0.9602359
11585.593	0.94226754	0.94757871	0.94756436	0.94910211	0.94944247	0.95567536	0.95683778	0.95600251	0.95630056	0.95546777	0.95767694	0.95613277	0.95654245	0.95466434	0.95683643	0.95676238	0.95751785	0.95761499	0.95526089	0.95617004	0.95727181	0.95624158	0.95676719	0.95808485	0.95755678	0.95732342	0.95768674	0.95775103	0.95822257	0.95703717	0.95679842
11586.306	0.94161377	0.94723754	0.94783855	0.9496745	0.94827243	0.95525688	0.95406533	0.95592009	0.95465436	0.9534961	0.95570525	0.95398353	0.95587846	0.95491612	0.95561323	0.95463761	0.95761855	0.95383634	0.95409713	0.95717227	0.95382922	0.95444206	0.95628267	0.95745324	0.95621654	0.95590766	0.9566917	0.95618484	0.95718473	0.95642054	0.95546841
11587.05	0.94235516	0.95010453	0.95080657	0.95234748	0.95133841	0.95686155	0.95585781	0.95845863	0.9563001	0.95697092	0.95733776	0.95538479	0.95805778	0.95588559	0.95735985	0.9571396	0.95845657	0.95516284	0.95561045	0.9591862	0.95513041	0.95554873	0.95713219	0.95861008	0.95750443	0.95761517	0.95901913	0.95712701	0.95824425	0.95982712	0.95750945
11587.828	0.94861004	0.95286295	0.95330635	0.95416632	0.955561	0.95895131	0.95892913	0.96156831	0.95852311	0.96037269	0.96075084	0.95828357	0.9587626	0.95769531	0.95944027	0.96038969	0.96114709	0.9605585	0.9582733	0.95903083	0.95868664	0.96023538	0.95804207	0.96115105	0.95984763	0.95999689	0.96082721	0.95987659	0.96005999	0.96024346	0.95957451
11588.572	0.95426045	0.95764822	0.95631763	0.95825484	0.95991058	0.96362653	0.96199815	0.96315663	0.96160451	0.96373265	0.96352795	0.96368519	0.96317468	0.96310423	0.96193924	0.96354188	0.96502558	0.96485332	0.96318235	0.96361148	0.96322418	0.96531718	0.96239088	0.96476877	0.96198178	0.96307276	0.96200366	0.96399189	0.96474045	0.96369056	0.96444723
11589.352	0.96006778	0.96483495	0.96562939	0.96575745	0.96447694	0.96797008	0.96910043	0.96916933	0.967524	0.96902277	0.96802485	0.96975412	0.96854521	0.96869243	0.96729111	0.96855927	0.96685412	0.97059179	0.9680456	0.97024213	0.9702535	0.96958513	0.96790833	0.96999347	0.96756945	0.9687521	0.96693022	0.96880111	0.96862129	0.96866591	0.96752724
11590.161	0.96771018	0.97302454	0.97493962	0.97370653	0.97176748	0.97493699	0.97420738	0.97550413	0.97161878	0.97486532	0.97449234	0.97521079	0.97539268	0.97481022	0.97444293	0.97554114	0.97475944	0.97656174	0.97372685	0.97553549	0.977425	0.97505534	0.9741689	0.97483336	0.97626855	0.97366298	0.97438563	0.97632084	0.97344425	0.97565234	0.97455855
11590.971	0.9758956	0.97916261	0.98378413	0.98200845	0.98049116	0.98452236	0.98206443	0.98357831	0.98085255	0.98153354	0.98325509	0.98293916	0.98456643	0.979918	0.98148715	0.98462637	0.98462639	0.98334084	0.98018043	0.98252192	0.98464186	0.98232386	0.98279443	0.98181379	0.98371396	0.98190941	0.98139888	0.98407721	0.98248088	0.9840645	0.98136381
11591.783	0.98465718	0.98894167	0.99277239	0.99124732	0.9908107	0.99065054	0.99287139	0.99066233	0.99080046	0.99081765	0.99228414	0.98899061	0.99284369	0.98857773	0.99082043	0.99266611	0.99240249	0.99172321	0.98952599	0.99094984	0.99188648	0.99174405	0.99241924	0.98942641	0.9903154	0.99040392	0.98979949	0.99310456	0.98954553	0.9915279	0.98939341
11592.592	0.99370741	1.0002956	1.0003838	0.99941202	0.9989556	0.99938365	0.99916545	1.0022816	0.9990667	1.0006198	0.99800048	0.99806516	1.0007157	0.99788813	1.0012495	0.99986427	1.0009816	1.0014775	0.99898426	1.0005362	1.0008809	1.0015315	0.99984024	0.99938178	0.9990302	0.99783502	0.99916425	1.0012407	0.99702037	1.0008233	0.99920036
11593.435	1.0026185	1.0077327	1.0080702	1.0056673	1.0085636	1.0107681	1.0071831	1.0105726	1.0057597	1.0101084	1.0064603	1.0065619	1.0086174	1.0071165	1.0074244	1.0080341	1.009718	1.0077601	1.0077225	1.0098771	1.0091052	1.0083023	1.0095311	1.0106433	1.0087696	1.0051904	1.006236	1.0073381	1.0085354	1.0093239	1.0086867
11594.279	1.0072839	1.012093	1.0141601	1.0126717	1.0138801	1.0155888	1.0130484	1.0127745	1.0107164	1.017482	1.0137052	1.0150669	1.0159653	1.0118963	1.0155209	1.0160631	1.0158706	1.0142399	1.0126892	1.0147078	1.0148143	1.0165308	1.0152515	1.015784	1.0158431	1.0103411	1.0119632	1.0154398	1.0149311	1.0151415	1.0154058
11595.155	1.0125966	1.0153646	1.0157917	1.0188393	1.0176141	1.0187147	1.019045	1.0189603	1.0159561	1.0193601	1.0187532	1.0179013	1.020954	1.0156678	1.0192884	1.017924	1.0172918	1.0198795	1.0188417	1.0184033	1.0185696	1.0196409	1.0172035	1.0168173	1.0186354	1.0144297	1.0169394	1.0203195	1.019027	1.019411	1.0173242
11596.031	1.0132447	1.0147696	1.0158778	1.0183282	1.0181496	1.0173298	1.0207164	1.0184562	1.0187061	1.0197702	1.019023	1.0205057	1.0208837	1.0188311	1.0199285	1.0186494	1.0182725	1.021452	1.0187168	1.0180279	1.021108	1.018953	1.0184515	1.0192285	1.0180008	1.0177863	1.0172305	1.0193434	1.0180033	1.0203998	1.0179891
11596.94	1.0102118	1.0149323	1.0129156	1.0140401	1.0141812	1.0189432	1.018091	1.0165751	1.0169532	1.017309	1.0145853	1.0177018	1.0169381	1.0173847	1.018239	1.0177062	1.0190832	1.0186575	1.0142672	1.0179555	1.0168409	1.018216	1.0183869	1.0198224	1.0160865	1.0191352	1.0169454	1.0170408	1.0154082	1.0165789	1.0166126
11597.815	1.0061412	1.0102179	1.0094113	1.0110279	1.0120722	1.0144956	1.0125774	1.012956	1.0114688	1.0121673	1.011573	1.0135343	1.0153707	1.0120816	1.0161893	1.0106503	1.0145347	1.0142329	1.0123502	1.0129656	1.0146869	1.0140655	1.0150588	1.0157267	1.0133091	1.0159338	1.0124658	1.0146663	1.0128501	1.0148624	1.012808
11598.757	1.0035663	1.0047736	1.0029898	1.0042142	1.0062057	1.0088166	1.0089723	1.0097628	1.0070748	1.0089711	1.0083548	1.0064113	1.0115612	1.00872	1.0110052	1.0071091	1.0092602	1.0092669	1.0075802	1.0071667	1.0083279	1.0086406	1.0084959	1.0096736	1.0096296	1.0087217	1.0062443	1.0107503	1.0095265	1.0087891	1.007071
11599.666	0.99856024	0.99948008	0.99831987	0.99824787	1.0009922	1.0026012	1.0037706	1.00381	1.0026603	1.0028854	1.0028805	1.0033497	1.00438	1.002097	1.0067905	1.006713	1.0022766	1.001873	1.0034334	1.0021726	1.0036647	1.0023695	1.0039024	1.0070597	1.0035097	1.0020393	1.0033013	1.0036213	1.0032809	1.0036941	1.0020543
11600.607	0.99286722	0.99383852	0.993124	0.99229944	0.99640882	1.0007586	0.99864834	0.99792268	1.0005185	0.99752648	0.9981467	0.9983365	0.99859969	0.9955559	0.9987729	0.99856628	0.99837405	0.99670721	0.99760894	0.9990384	1.0006381	0.99803601	0.99812471	1.0017795	0.99819229	0.99747556	1.0004886	0.99815451	0.99756021	0.99841008	0.99803662
11601.549	0.9889774	0.9887229	0.9895297	0.98784903	0.99260026	0.99355184	0.99507256	0.99161208	0.99456096	0.99338442	0.99463179	0.99186058	0.99503358	0.99344953	0.99199665	0.99580195	0.99326447	0.99425941	0.99224646	0.99426566	0.99632769	0.99506485	0.99317662	0.99630372	0.99484815	0.99456266	0.99528693	0.99334348	0.9944475	0.99441497	0.99251855
11602.524	0.98589849	0.98573084	0.98621543	0.98539326	0.9880905	0.98836804	0.99032247	0.98887291	0.98961367	0.99243818	0.99183944	0.98944208	0.99102411	0.98950542	0.9911004	0.99132152	0.98935831	0.99070349	0.98920876	0.99195718	0.99148328	0.99167399	0.98992114	0.99264086	0.98783641	0.9904294	0.99079509	0.98955332	0.98897919	0.99003377	0.98866285
11603.498	0.98321729	0.9846393	0.98287592	0.98366554	0.98296942	0.98833678	0.98758062	0.98702326	0.98455541	0.98782571	0.98713179	0.98697749	0.98683412	0.98538535	0.98748689	0.98767578	0.98661701	0.98632533	0.98653586	0.98796494	0.98644239	0.98787074	0.98549373	0.98686508	0.98466961	0.98703457	0.98630313	0.9864678	0.98434692	0.98654289	0.98468034
11604.472	0.98157697	0.9817788	0.97888804	0.9802107	0.98248343	0.983439	0.98304079	0.98309039	0.98241728	0.98476732	0.98395695	0.98353024	0.98478391	0.98294989	0.98636926	0.98642006	0.98353415	0.98380776	0.98176827	0.98358039	0.9837703	0.98456046	0.98261748	0.98628996	0.98418629	0.98248693	0.98186573	0.98424854	0.98100156	0.98539397	0.98312461
11605.48	0.97597427	0.97936007	0.97887602	0.97521759	0.98072503	0.98114779	0.98070874	0.97901145	0.9796173	0.98127664	0.97998214	0.97950131	0.98300025	0.97881184	0.98190653	0.98256218	0.98164357	0.98098325	0.97991901	0.98009224	0.97989412	0.98169398	0.98164382	0.98360926	0.98084186	0.98148713	0.98111257	0.98148922	0.97916496	0.98151163	0.97906956
11606.487	0.97803367	0.97840887	0.97572046	0.97638723	0.97687231	0.97878751	0.97947184	0.97911153	0.97695285	0.97854419	0.9791993	0.9779499	0.98059402	0.97898278	0.97965482	0.98040864	0.97966944	0.97897365	0.97711539	0.97912588	0.97967951	0.97730471	0.97773351	0.97979197	0.97841528	0.98076918	0.97854666	0.97995105	0.9790618	0.97853044	0.97688359
11607.528	0.98033086	0.97623888	0.97709438	0.97574308	0.97813431	0.97835616	0.97637579	0.97859118	0.97638736	0.97712904	0.97799054	0.97533103	0.97746195	0.97698996	0.97966364	0.97850575	0.97933351	0.97454801	0.97509954	0.97670993	0.97836726	0.97787464	0.97688565	0.97608191	0.97710527	0.97724043	0.97734847	0.97973358	0.97676532	0.97674681	0.97501247
11608.536	0.98223441	0.97744273	0.97907999	0.97500126	0.97796121	0.97892292	0.97675972	0.97822179	0.97544418	0.97857459	0.97694169	0.97552891	0.97796758	0.97646024	0.97703786	0.97849782	0.97934935	0.97314217	0.97680701	0.97752824	0.97723739	0.97668677	0.9775772	0.97742708	0.97781516	0.97569128	0.97539446	0.9794129	0.97797592	0.97663125	0.97450352
11609.609	0.98293889	0.97936783	0.97897961	0.97835976	0.97669606	0.9791821	0.97875569	0.97886476	0.97735569	0.9794321	0.97931337	0.97731156	0.98004428	0.97546729	0.97942134	0.98081737	0.97763946	0.97784821	0.97794729	0.97867711	0.977387	0.97714064	0.97773858	0.97786591	0.9780237	0.97613266	0.97609913	0.98058231	0.97832499	0.97752132	0.97455781
11610.65	0.98246766	0.98479699	0.98120274	0.98028851	0.97859093	0.98288942	0.98332065	0.97799527	0.979518	0.98141764	0.98130888	0.97936094	0.98257456	0.97835121	0.98085419	0.98091799	0.97957035	0.98068201	0.97952597	0.97911223	0.97871084	0.98211462	0.97849889	0.97938944	0.98220764	0.97899926	0.97888081	0.9802126	0.97976871	0.97944212	0.97719761
11611.723	0.99178607	0.98983474	0.98624712	0.98645689	0.98651987	0.9864814	0.98435392	0.98643765	0.97879239	0.98450511	0.9847378	0.98345666	0.9853224	0.98342417	0.98456621	0.98105449	0.98622992	0.9829006	0.98267478	0.98316784	0.98491587	0.98415348	0.98044995	0.98485361	0.98584641	0.98302006	0.98319272	0.98288124	0.98521267	0.98341832	0.98254035
11612.797	0.99745215	0.99595353	0.99320983	0.99253543	0.99132892	0.98956059	0.98767527	0.98966572	0.98535991	0.98804013	0.98870122	0.99002725	0.9912039	0.98783574	0.98925428	0.99112597	0.99205516	0.98694239	0.98698575	0.98678588	0.98843882	0.98565306	0.98746627	0.98916313	0.98849804	0.98647127	0.98734636	0.987389	0.98918997	0.98807337	0.98776113
11613.904	1.0033583	1.0037117	0.9971328	0.99677981	0.99229645	0.99614141	0.99566375	0.99527005	0.99152479	0.99480704	0.9936708	0.9931414	0.99695111	0.99304446	0.9939717	0.99375103	0.99666455	0.99249382	0.99221017	0.99421992	0.995453	0.99223888	0.99359504	0.99303474	0.9938348	0.99108574	0.99233608	0.99313447	0.99166698	0.99326706	0.99200782
11615.01	1.0089327	1.0065494	1.0048429	1.0022768	1.003061	1.0012034	1.0004333	1.0017108	0.99732542	1.0021608	1.0016095	0.99914197	1.0029143	0.99871384	0.99933079	1.0026589	1.0012361	0.99866879	0.99698868	0.99920739	1.0011124	1.0000871	1.0004979	0.99806145	0.99952853	0.99773919	0.99766537	0.99942445	0.99831359	0.99914798	0.99762692
11616.15	1.015276	1.0150125	1.0129655	1.0095761	1.0093591	1.0080976	1.0065265	1.0110019	1.0055255	1.0064914	1.0074899	1.0057231	1.0084876	1.0039707	1.0064964	1.0074853	1.009265	1.005665	1.0043946	1.0069958	1.0047634	1.0049971	1.0076344	1.0062374	1.0066574	1.0047326	1.0030381	1.0076698	1.0055907	1.0025621	1.0008524
11617.257	1.0198477	1.0196171	1.016864	1.0147544	1.0137025	1.0128647	1.0154051	1.0133134	1.0130945	1.0125413	1.0112105	1.0109493	1.0130634	1.0126378	1.0123931	1.0102655	1.0141868	1.0120151	1.0110673	1.0162147	1.0113175	1.0105792	1.0139028	1.0126927	1.0126074	1.0122473	1.0077766	1.0126197	1.0116413	1.0085622	1.0088073
11618.398	1.026703	1.0240451	1.0240173	1.0183489	1.0200347	1.0200428	1.0182771	1.0202533	1.0162949	1.017756	1.0189176	1.0172325	1.0201431	1.0158745	1.0194334	1.0184203	1.0190793	1.0166924	1.0139902	1.0183816	1.0180214	1.0192575	1.0160972	1.017252	1.0165452	1.015385	1.0142787	1.0192383	1.0142795	1.0183097	1.0189615
11619.57	1.0252609	1.0267362	1.024301	1.0215422	1.0241839	1.0202027	1.0213246	1.0216725	1.0181359	1.0195706	1.0203042	1.0178819	1.0202156	1.0179657	1.0216939	1.0202683	1.0177215	1.0192539	1.0150026	1.0163155	1.0191335	1.0195384	1.020796	1.0207162	1.0193885	1.0166023	1.0176654	1.019157	1.0165499	1.0215828	1.0187472
11620.742	1.0208784	1.0222267	1.022785	1.0220321	1.0254841	1.0189446	1.0227606	1.022259	1.0173963	1.0208107	1.0204081	1.0207869	1.0207362	1.0186584	1.0206098	1.018747	1.0198111	1.0205982	1.0165252	1.0200991	1.0205438	1.0195062	1.0215136	1.0208696	1.0217303	1.0176089	1.0189684	1.0216166	1.0195483	1.0211715	1.0197454
11621.916	1.0284346	1.0274998	1.0300389	1.0272805	1.0290234	1.022442	1.0256366	1.0285476	1.0280129	1.0307231	1.0268497	1.0261864	1.027819	1.0246886	1.0268419	1.0282785	1.0242949	1.0267629	1.0215723	1.023747	1.0242002	1.0249579	1.0270435	1.0272698	1.0254492	1.0236669	1.0217563	1.0266687	1.0254867	1.0255768	1.0266489
11623.121	1.0279801	1.0291762	1.0285099	1.0287009	1.0287653	1.0261604	1.030208	1.0296669	1.0277598	1.0266831	1.0290438	1.0281701	1.0302675	1.028696	1.0312571	1.0324133	1.0289958	1.0282843	1.0263949	1.0296797	1.0279098	1.0280179	1.0264946	1.0282524	1.0262898	1.0252454	1.0280265	1.0278029	1.0290408	1.0275403	1.0278842
11624.328	1.0247739	1.0229413	1.0236621	1.0198808	1.0247714	1.0226023	1.0238286	1.0245483	1.0207342	1.0234631	1.025161	1.0218385	1.026326	1.024548	1.0254929	1.0242266	1.0254848	1.023272	1.0215534	1.024372	1.0237159	1.0238815	1.0221614	1.0257949	1.0252959	1.0205057	1.0258773	1.0234922	1.025364	1.0217512	1.0229124
11625.535	1.0193727	1.0214394	1.0208527	1.0167659	1.0207714	1.0236513	1.0209549	1.0225738	1.0191455	1.019754	1.023958	1.0192583	1.0228844	1.0217547	1.0228301	1.0189281	1.0230501	1.0207072	1.0172222	1.0249536	1.0215219	1.0207102	1.020144	1.0227984	1.0218527	1.0191902	1.0211134	1.0216628	1.020967	1.0209265	1.0191902
11626.775	1.0138346	1.015577	1.0192653	1.0167836	1.0183279	1.0198318	1.0199547	1.0179172	1.0183093	1.0180927	1.0202735	1.0147	1.0201524	1.0193866	1.0190723	1.0177755	1.022232	1.0189759	1.0152012	1.021331	1.0205233	1.0180352	1.018635	1.0208433	1.0181391	1.0157739	1.0201749	1.0186782	1.01785	1.0205941	1.016713
11628.014	1.0147322	1.0121188	1.0157022	1.0120242	1.0117063	1.0196542	1.0162117	1.0153464	1.0150329	1.0160727	1.0155169	1.0143262	1.0175073	1.0163299	1.0186116	1.0172801	1.0187841	1.0153427	1.0137756	1.0160841	1.0151826	1.0146142	1.0168885	1.0163226	1.015307	1.0157722	1.0170536	1.0144622	1.0165566	1.015735	1.0158412
11629.254	1.009405	1.0089335	1.0106552	1.0102913	1.0125594	1.0135748	1.0156726	1.0146236	1.0115839	1.0131861	1.0152647	1.0105791	1.0120994	1.0117718	1.0153264	1.0126299	1.0137512	1.0143567	1.0117012	1.0149243	1.013282	1.0144323	1.014263	1.0139984	1.0138884	1.0090369	1.0116012	1.0126312	1.0125764	1.0133558	1.013258
11630.527	1.0059721	1.003917	1.006543	1.0048341	1.0084013	1.0078168	1.0107175	1.0109728	1.0079466	1.0076379	1.0098218	1.0075421	1.0075949	1.0098574	1.0112631	1.0093932	1.0094016	1.011767	1.0078659	1.0106506	1.0091846	1.0094344	1.0101627	1.0109813	1.0095668	1.0076765	1.0080017	1.0099646	1.0092676	1.0118222	1.0067747
11631.8	1.0016488	1.0039803	1.0044403	1.0024195	1.0073214	1.0057247	1.0074045	1.0078314	1.0030032	1.0055317	1.0073997	1.004656	1.00634	1.0076106	1.0037766	1.0050984	1.0055377	1.007857	1.0008963	1.0079881	1.0041374	1.005259	1.0067107	1.0068864	1.0052906	1.0055807	1.0022151	1.0056823	1.0064295	1.0058439	1.0053048
11633.106	0.99838635	1.000783	0.99977575	0.99928717	1.0045793	1.0033175	1.0046616	1.0036291	0.9998697	1.001422	1.0017638	1.0016731	1.0031531	1.0031462	1.0027169	1.0030383	1.002314	1.0028495	0.99910265	1.0012118	1.0008833	1.0029044	1.0043129	1.0038792	1.0025095	1.0013831	1.0015361	1.0014988	1.0041514	1.0020579	1.0029316
11634.413	0.99601501	0.99567172	0.99755467	0.99588371	0.99919642	1.000664	1.0001114	1.0002935	0.99814869	0.99977269	0.99878442	1.0004002	1.0002607	0.99810013	1.0020581	0.99823808	0.99865247	1.0006415	0.99776277	0.99938704	0.99930916	1.0007507	1.0013912	0.99982427	0.99958442	0.99731028	0.99773564	0.99890182	0.99772439	0.99876842	0.99725136
11635.72	0.99192482	0.99334736	0.99357737	0.9919635	0.99856093	0.99902048	0.99672254	0.99619891	0.9945815	0.99663545	0.99744992	0.99500559	0.99552979	0.99459722	0.99701577	0.99656846	0.99790953	0.9977923	0.99262466	1.0002578	0.99720202	0.99815561	0.9967859	0.99707253	0.99832402	0.99406425	0.99287987	0.99498683	0.9960256	0.99589377	0.99335875
11637.058	0.9893342	0.98881606	0.99228493	0.99171123	0.99447595	0.99247279	0.99406003	0.99189689	0.98899326	0.99426766	0.99205239	0.99380542	0.99358505	0.99042605	0.99251091	0.99282845	0.99603778	0.99298448	0.99220685	0.99696167	0.99175212	0.99354834	0.99423723	0.99614214	0.9955044	0.99010216	0.99104684	0.99274407	0.99366299	0.99148141	0.99493226
11638.399	0.98740204	0.98913539	0.9890696	0.9891631	0.98978238	0.98829488	0.99214862	0.99164614	0.9884977	0.99191996	0.99040839	0.99206428	0.99147145	0.98887752	0.99174082	0.99185774	0.99212083	0.99233475	0.98775664	0.9931721	0.98922721	0.99230223	0.99310017	0.99354058	0.99242342	0.98848826	0.98763889	0.98976664	0.98925621	0.98978516	0.98934067
11639.739	0.98316662	0.98497869	0.98779182	0.98590008	0.98748521	0.98326207	0.9884617	0.9904151	0.98481494	0.98940132	0.98861669	0.98936581	0.98948053	0.98585894	0.98730048	0.98703072	0.98738161	0.9899104	0.98348591	0.98823024	0.98874818	0.98895832	0.99000629	0.98770508	0.98891887	0.98550344	0.98587532	0.98603872	0.98796633	0.98653707	0.98545201
11641.112	0.981192	0.98190491	0.98238608	0.98315289	0.98353524	0.98441265	0.98467257	0.98501913	0.98285452	0.98462806	0.9844612	0.98403014	0.98564182	0.98354283	0.98598104	0.98288559	0.98736933	0.9874918	0.98158178	0.98440633	0.98627088	0.98454239	0.98546171	0.98281909	0.98689612	0.98082945	0.98352324	0.98449469	0.98474451	0.98541887	0.98435337
11642.487	0.97858493	0.97997336	0.97587188	0.97929181	0.97992826	0.98277958	0.9815376	0.98055584	0.98107181	0.98062362	0.9837114	0.98379467	0.97949028	0.98117749	0.98094723	0.97964553	0.98444016	0.98374147	0.97980776	0.98167899	0.98198902	0.98292553	0.98358484	0.98276179	0.9834227	0.98077669	0.98051965	0.98282116	0.98067955	0.98300182	0.98132234
11643.86	0.975567	0.97760878	0.97808763	0.97628673	0.97906785	0.98068672	0.97815568	0.97953895	0.97836762	0.97860727	0.98035744	0.97826875	0.98145911	0.97861489	0.9785688	0.97866437	0.9787148	0.97988615	0.97646695	0.98013992	0.97937181	0.98043035	0.98243517	0.98124169	0.97802479	0.97861962	0.97672525	0.9837325	0.97904453	0.98010973	0.97807535
11645.267	0.97321112	0.97540932	0.97640614	0.97469025	0.97939334	0.97658163	0.97788556	0.98010172	0.97475015	0.97667682	0.97939143	0.97677024	0.97819235	0.97710559	0.97689326	0.97862227	0.9765493	0.97811618	0.97466089	0.97819529	0.97831338	0.97903238	0.9768943	0.97805624	0.97586965	0.97548877	0.97618586	0.97970028	0.9773921	0.9781576	0.97829834
11646.674	0.97236292	0.97378874	0.97651763	0.97284306	0.9770882	0.97713908	0.97681295	0.97452987	0.97386938	0.97511581	0.97755764	0.97572175	0.9787703	0.97562674	0.97790547	0.97618731	0.97602989	0.97932162	0.97408124	0.98011826	0.97737518	0.97555948	0.97523467	0.97490544	0.97776039	0.97551644	0.97445744	0.9766341	0.97676536	0.97772377	0.97630461
11648.115	0.97517267	0.97242354	0.97358806	0.97272954	0.9760462	0.97578203	0.97364879	0.97370452	0.97530223	0.97614044	0.97510857	0.97401817	0.97783335	0.97621443	0.97591785	0.97363812	0.97541947	0.97665289	0.97278497	0.97916692	0.97416631	0.97642402	0.97485263	0.97637204	0.97554281	0.97628474	0.97418058	0.97483367	0.97358062	0.97539942	0.97446632
11649.555	0.9728832	0.97474345	0.97641532	0.97191535	0.9760681	0.97489599	0.97576227	0.97267913	0.97526467	0.97505341	0.97365858	0.97548646	0.97648208	0.97409774	0.97646453	0.97287622	0.97487454	0.97629662	0.9746223	0.97384807	0.97573759	0.97486507	0.97452376	0.9775315	0.97421497	0.9730088	0.97202615	0.97423099	0.97295962	0.97493931	0.97248814
11650.996	0.97438416	0.9741489	0.97603188	0.97249819	0.97173187	0.97490131	0.97392128	0.97315992	0.97489147	0.97506632	0.974799	0.97510941	0.97569417	0.97535169	0.97763783	0.97708936	0.97515191	0.97587998	0.97313378	0.97545169	0.97396323	0.97648647	0.97546298	0.97586871	0.97403016	0.97587428	0.96939743	0.97240471	0.97265033	0.97511945	0.9715792
11652.439	0.97450628	0.97343634	0.97626147	0.97205635	0.97382228	0.97435631	0.97294441	0.97419316	0.97305899	0.97424099	0.97448244	0.97284516	0.97568736	0.97437254	0.97355577	0.97377926	0.97319466	0.97480489	0.97119715	0.97827493	0.97430535	0.97466167	0.97740281	0.97341241	0.97503021	0.97344735	0.97076784	0.97542032	0.97193697	0.97336023	0.97256156
